0 0 0 0 0 0 0 0 0 0 0 0 0 0 
.
0 1 0
.
1 2 0
.
2 3 0
.
3 4 0
.
4 5 0
.
5 6 0
.
6 7 0
.
7 8 0
.
8 9 0
.
9 10 0
.
10 11 0
.
11 12 0
.
12 13 0
.
13 14 0
.
14 15 0
.
15 0 0
.
.
0 0 0 0 0 0 0 0 0 0 0 0 0 0 0 0 0 0 0 0 0 0 0 0 0 0 0 0 0 0 0 0 0 0 0 0 0 0 0 0 0 0 0 0 0 0 0 0 0 0 0 0 0 0 0 0 0 0 0 0 0 0 0 0 0 0 0 0 0 0 0 0 0 0 0 0 0 0 0 0 0 0 0 0 0 0 0 0 0 0 0 0 0 0 0 0 0 0 0 0 0 0 1 8 7 8 7 1 4 8 8 9 8 3 1 2 5 1 2 5 0 0 0 0 0 0 0 0 0 0 0 0 0 0 0 0 0 0 0 0 0 0 0 0 0 0 0 0 0 0 0 0 0 0 0 0 0 0 0 0 0 0 0 0 0 0 0 0 0 0 0 0 0 0 0 0 0 0 0 0 0 0 0 0 0 0 0 0 0 0 0 0 0 0 0 0 0 0 0 0 0 0 0 0 0 0 0 0 0 0 0 0 0 0 0 0 0 0 
.
1 1 1 1 2 2 2 2 6 6 6 6 6 6 
.
0 1 0
.
1 2 0
.
2 3 0
.
3 4 0
.
4 5 0
.
5 6 0
.
6 7 0
.
7 8 0
.
8 9 0
.
9 10 0
.
10 11 0
.
11 12 0
.
12 13 0
.
13 14 0
.
14 15 0
.
15 0 0
.
.
0 0 0 0 3 0 0 0 0 3 0 0 0 0 1 0 0 0 0 0 4 0 0 0 0 0 0 1 0 0 0 0 0 0 0 2 0 2 2 0 0 0 0 0 0 2 2 2 0 0 1 0 0 1 0 0 2 2 2 0 0 0 0 0 0 0 2 2 2 0 0 0 0 4 0 0 0 0 2 0 4 0 0 0 0 1 0 0 0 0 0 1 0 0 3 0 0 0 0 3 0 0 1 8 7 8 7 1 4 8 8 9 8 3 1 2 5 1 2 5 0 0 0 0 0 0 0 0 0 0 0 0 0 0 0 0 0 0 0 0 0 0 0 0 0 0 0 0 0 0 0 0 0 1 8 0 0 0 -1 -1 -1 -1 -1 -1 0 0 7 8 0 0 0 -1 -1 -1 -1 -1 -1 0 0 7 1 0 0 0 -1 -1 -1 -1 -1 -1 0 0 1 1 0 0 0 1 6 0 0 0 6 6 0 0 0 6 3 0 0 0 0 0 0 0 0 0 
.
0 0 ; 1 16 ; 2 16 ; 3 16 ; 4 6 ; 5 6 ; 6 6 ; 7 6 ; 8 2 ; 9 2 ; 10 2 ; 11 2 ; 12 2 ; 13 2 ; .
1 1 1 1 2 2 2 2 6 6 6 6 6 3 
.
0 1 0
.
1 2 0
.
2 3 0
.
3 4 0
.
4 5 0
.
5 6 0
.
6 7 0
.
7 8 0
.
8 9 0
.
9 10 0
.
10 11 0
.
11 12 0
.
12 13 0
.
13 14 0
.
14 15 0
.
15 0 0
.
.
0 0 0 0 3 0 0 0 0 3 0 0 0 0 1 0 0 0 0 0 4 0 0 0 0 0 0 5 0 0 0 0 0 0 0 2 0 2 2 0 0 0 0 0 0 2 2 2 0 0 1 0 0 1 0 0 2 2 2 0 0 0 0 0 0 0 2 2 2 0 0 0 0 4 0 0 0 0 2 0 4 0 0 0 0 1 0 0 0 0 0 1 0 0 3 0 0 0 0 3 0 0 1 8 7 8 7 1 4 8 8 9 8 3 1 2 5 1 2 5 0 0 0 0 0 0 0 0 0 0 0 0 0 0 0 0 0 0 0 0 0 0 0 0 0 0 0 0 0 0 0 0 0 1 8 0 0 0 -1 -1 -1 -1 -1 -1 0 0 7 8 0 0 0 -1 -1 -1 -1 -1 -1 0 0 7 1 0 0 0 -1 -1 -1 -1 -1 -1 0 0 1 1 0 0 0 1 6 0 0 0 6 6 0 0 0 6 3 0 0 0 0 0 0 0 0 0 
.
13 15 ; .
1 1 1 1 2 2 2 2 6 6 6 6 1 3 
.
0 1 0
.
1 2 0
.
2 3 0
.
3 4 0
.
4 5 0
.
5 6 0
.
6 7 0
.
7 8 0
.
8 9 0
.
9 10 0
.
10 11 0
.
11 12 0
.
12 13 0
.
13 14 0
.
14 15 0
.
15 0 0
.
.
0 0 0 0 3 0 0 0 0 3 0 0 0 0 1 0 0 0 0 0 4 0 0 0 0 0 0 5 0 0 0 0 0 0 0 2 0 2 2 0 0 0 0 0 0 2 2 2 0 0 1 0 0 1 0 0 2 2 2 0 0 0 0 0 0 0 2 2 2 0 0 0 0 4 0 0 0 0 2 0 4 0 0 0 0 1 0 0 0 0 0 1 0 0 3 0 0 0 0 3 0 0 1 8 7 8 7 1 4 8 8 9 8 3 1 2 5 1 2 5 0 0 0 0 0 0 0 0 0 0 0 0 0 0 0 0 0 0 0 0 0 0 0 0 0 0 0 0 0 0 0 0 0 1 8 0 0 0 -1 -1 -1 -1 -1 -1 0 0 7 8 0 0 0 -1 -1 -1 -1 -1 -1 0 0 7 1 0 0 0 -1 -1 -1 -1 -1 -1 0 0 1 1 0 0 0 1 6 0 0 0 6 6 0 0 0 6 3 0 0 0 0 0 0 0 0 0 
.
12 4 ; .
1 1 1 1 2 2 2 2 6 6 6 2 1 3 
.
0 1 0
.
1 2 0
.
2 3 0
.
3 4 0
.
4 5 0
.
5 6 0
.
6 7 0
.
7 8 0
.
8 9 0
.
9 10 0
.
10 11 0
.
11 12 0
.
12 13 0
.
13 14 0
.
14 15 0
.
15 0 0
.
.
0 1 0 0 3 0 0 0 0 3 0 0 0 0 0 0 0 0 0 0 4 0 0 0 0 0 0 5 0 0 0 0 0 0 0 2 0 2 2 0 0 0 0 0 0 2 2 2 0 0 1 0 0 1 0 0 2 2 2 0 0 0 0 0 0 0 2 2 2 0 0 0 0 4 0 0 0 0 2 0 4 0 0 0 0 1 0 0 0 0 0 1 0 0 3 0 0 0 0 3 0 0 1 8 7 8 7 1 4 8 8 9 8 3 -1 -1 5 1 2 5 0 0 0 0 0 0 0 0 0 0 0 0 0 0 0 0 0 0 0 0 0 0 0 0 0 0 0 0 0 0 0 0 0 1 8 0 0 0 -1 -1 -1 -1 -1 -1 0 0 7 8 0 0 0 -1 -1 -1 -1 -1 -1 0 0 7 1 0 0 0 -1 -1 -1 -1 -1 -1 0 0 1 1 0 0 0 1 6 0 0 0 6 6 0 0 0 6 3 0 0 0 0 0 0 0 0 0 
.
11 16 ; .
1 1 1 1 2 2 2 2 6 6 2 2 1 3 
.
0 1 0
.
1 2 0
.
2 3 0
.
3 4 0
.
4 5 0
.
5 6 0
.
6 7 0
.
7 8 0
.
8 9 0
.
9 10 0
.
10 11 0
.
11 12 0
.
12 13 0
.
13 14 0
.
14 15 0
.
15 0 0
.
.
0 2 0 0 3 0 0 0 0 3 0 0 0 0 0 0 0 0 0 0 4 0 0 0 0 0 0 5 0 0 0 0 0 0 0 2 0 2 2 0 0 0 0 0 0 2 2 2 0 0 1 0 0 1 0 0 2 2 2 0 0 0 0 0 0 0 2 2 2 0 0 0 0 4 0 0 0 0 2 0 4 0 0 0 0 0 0 0 0 0 0 1 0 0 3 0 0 0 0 3 0 0 1 8 7 8 7 1 4 8 8 9 -1 -1 -1 -1 5 1 2 5 0 0 0 0 0 0 0 0 0 0 0 0 0 0 0 0 0 0 0 0 0 0 0 0 0 0 0 0 0 0 0 0 0 1 8 0 0 0 -1 -1 -1 -1 -1 -1 0 0 7 8 0 0 0 -1 -1 -1 -1 -1 -1 0 0 7 1 0 0 0 -1 -1 -1 -1 -1 -1 0 0 1 1 0 0 0 1 6 0 0 0 6 6 0 0 0 6 3 0 0 0 0 0 0 0 0 0 
.
10 16 ; .
1 1 1 1 2 2 2 2 6 1 2 2 1 3 
.
0 1 0
.
1 2 0
.
2 3 0
.
3 4 0
.
4 5 0
.
5 6 0
.
6 7 0
.
7 8 0
.
8 9 0
.
9 10 0
.
10 11 0
.
11 12 0
.
12 13 0
.
13 14 0
.
14 15 0
.
15 0 0
.
.
0 2 0 0 3 0 0 0 0 3 0 0 0 0 0 0 0 0 0 0 4 0 0 0 0 0 0 5 0 0 0 0 0 0 0 2 0 2 2 0 0 0 0 0 0 2 2 2 0 0 1 0 0 1 0 0 2 2 2 0 0 0 0 0 0 0 2 2 2 0 0 0 0 4 0 0 0 0 2 0 4 0 0 0 0 0 0 0 0 0 0 1 0 0 3 0 0 0 0 3 0 0 1 8 7 8 7 1 4 8 8 9 -1 -1 -1 -1 5 1 2 5 0 0 0 0 0 0 0 0 0 0 0 0 0 0 0 0 0 0 0 0 0 0 0 0 0 0 0 0 0 0 0 0 0 1 8 0 0 0 -1 -1 -1 -1 -1 -1 0 0 7 8 0 0 0 -1 -1 -1 -1 -1 -1 0 0 7 1 0 0 0 -1 -1 -1 -1 -1 -1 0 0 1 1 0 0 0 1 6 0 0 0 6 6 0 0 0 6 3 0 0 0 0 0 0 0 0 0 
.
9 4 ; .
1 1 1 1 2 2 2 2 1 1 2 2 1 3 
.
0 1 0
.
1 2 0
.
2 3 0
.
3 4 0
.
4 5 0
.
5 6 0
.
6 7 0
.
7 8 0
.
8 9 0
.
9 10 0
.
10 11 0
.
11 12 0
.
12 13 0
.
13 14 0
.
14 15 0
.
15 0 0
.
.
0 2 0 0 3 0 0 0 0 3 0 0 0 0 0 0 0 0 0 0 4 0 0 0 0 0 0 5 0 0 0 0 0 0 0 2 0 2 2 0 0 0 0 0 0 2 2 2 0 0 1 0 0 1 0 0 2 2 2 0 0 0 0 0 0 0 2 2 2 0 0 0 0 4 0 0 0 0 2 0 4 0 0 0 0 0 0 0 0 0 0 1 0 0 3 0 0 0 0 3 0 0 1 8 7 8 7 1 4 8 8 9 -1 -1 -1 -1 5 1 2 5 0 0 0 0 0 0 0 0 0 0 0 0 0 0 0 0 0 0 0 0 0 0 0 0 0 0 0 0 0 0 0 0 0 1 8 0 0 0 -1 -1 -1 -1 -1 -1 0 0 7 8 0 0 0 -1 -1 -1 -1 -1 -1 0 0 7 1 0 0 0 -1 -1 -1 -1 -1 -1 0 0 1 1 0 0 0 1 6 0 0 0 6 6 0 0 0 6 3 0 0 0 0 0 0 0 0 0 
.
8 4 ; .
1 1 1 1 2 2 2 4 1 1 2 2 1 3 
.
0 1 0
.
1 2 0
.
2 3 0
.
3 4 0
.
4 5 0
.
5 6 0
.
6 7 0
.
7 8 0
.
8 9 0
.
9 10 0
.
10 11 0
.
11 12 0
.
12 13 0
.
13 14 0
.
14 15 0
.
15 0 0
.
.
0 2 0 0 3 0 0 0 0 3 0 0 0 0 0 0 0 0 0 0 4 0 0 0 0 0 0 5 0 0 0 0 0 0 0 2 0 2 2 0 0 0 0 0 0 2 2 2 0 0 1 0 0 1 0 0 2 2 2 0 0 0 0 0 0 0 2 2 2 0 0 0 0 4 0 0 0 0 2 0 4 0 0 0 0 0 0 0 0 0 0 1 0 0 3 0 0 0 0 3 0 0 1 8 7 8 7 1 4 8 8 9 -1 -1 -1 -1 5 1 2 5 0 0 0 0 0 0 0 0 0 0 0 0 0 0 0 0 0 0 0 0 0 0 0 0 0 0 0 0 0 0 0 0 0 1 8 0 0 0 -1 -1 -1 -1 -1 -1 0 0 7 8 0 0 0 -1 -1 -1 -1 -1 -1 0 0 7 1 0 0 0 -1 -1 -1 -1 -1 -1 0 0 1 1 0 0 0 1 6 0 0 0 6 6 0 0 0 6 3 0 0 0 0 0 0 0 0 0 
.
7 0 ; .
1 1 1 1 2 2 4 4 1 1 2 2 1 3 
.
0 1 0
.
1 2 0
.
2 3 0
.
3 4 0
.
4 5 0
.
5 6 0
.
6 7 0
.
7 8 0
.
8 9 0
.
9 10 0
.
10 11 0
.
11 12 0
.
12 13 0
.
13 14 0
.
14 15 0
.
15 0 0
.
.
0 2 0 0 3 0 0 0 0 3 0 0 0 0 0 0 0 0 0 0 4 0 0 0 0 0 0 5 0 0 0 0 0 0 0 2 0 2 2 0 0 0 0 0 0 2 2 2 0 0 1 0 0 1 0 0 2 2 2 0 0 0 0 0 0 0 2 2 2 0 0 0 0 4 0 0 0 0 2 0 4 0 0 0 0 0 0 0 0 0 0 1 0 0 3 0 0 0 0 3 0 0 1 8 7 8 7 1 4 8 8 9 -1 -1 -1 -1 5 1 2 5 0 0 0 0 0 0 0 0 0 0 0 0 0 0 0 0 0 0 0 0 0 0 0 0 0 0 0 0 0 0 0 0 0 1 8 0 0 0 -1 -1 -1 -1 -1 -1 0 0 7 8 0 0 0 -1 -1 -1 -1 -1 -1 0 0 7 1 0 0 0 -1 -1 -1 -1 -1 -1 0 0 1 1 0 0 0 1 6 0 0 0 6 6 0 0 0 6 3 0 0 0 0 0 0 0 0 0 
.
6 0 ; .
1 1 1 1 2 4 4 4 1 1 2 2 1 3 
.
0 1 0
.
1 2 0
.
2 3 0
.
3 4 0
.
4 5 0
.
5 6 0
.
6 7 0
.
7 8 0
.
8 9 0
.
9 10 0
.
10 11 0
.
11 12 0
.
12 13 0
.
13 14 0
.
14 15 0
.
15 0 0
.
.
0 2 0 0 3 0 0 0 0 3 0 0 0 0 0 0 0 0 0 0 4 0 0 0 0 0 0 5 0 0 0 0 0 0 0 2 0 2 2 0 0 0 0 0 0 2 2 2 0 0 1 0 0 1 0 0 2 2 2 0 0 0 0 0 0 0 2 2 2 0 0 0 0 4 0 0 0 0 2 0 4 0 0 0 0 0 0 0 0 0 0 1 0 0 3 0 0 0 0 3 0 0 1 8 7 8 7 1 4 8 8 9 -1 -1 -1 -1 5 1 2 5 0 0 0 0 0 0 0 0 0 0 0 0 0 0 0 0 0 0 0 0 0 0 0 0 0 0 0 0 0 0 0 0 0 1 8 0 0 0 -1 -1 -1 -1 -1 -1 0 0 7 8 0 0 0 -1 -1 -1 -1 -1 -1 0 0 7 1 0 0 0 -1 -1 -1 -1 -1 -1 0 0 1 1 0 0 0 1 6 0 0 0 6 6 0 0 0 6 3 0 0 0 0 0 0 0 0 0 
.
5 0 ; .
1 1 1 1 4 4 4 4 1 1 2 2 1 3 
.
0 1 0
.
1 2 0
.
2 3 0
.
3 4 0
.
4 5 0
.
5 6 0
.
6 7 0
.
7 8 0
.
8 9 0
.
9 10 0
.
10 11 0
.
11 12 0
.
12 13 0
.
13 14 0
.
14 15 0
.
15 0 0
.
.
0 2 0 0 3 0 0 0 0 3 0 0 0 0 0 0 0 0 0 0 4 0 0 0 0 0 0 5 0 0 0 0 0 0 0 2 0 2 2 0 0 0 0 0 0 2 2 2 0 0 1 0 0 1 0 0 2 2 2 0 0 0 0 0 0 0 2 2 2 0 0 0 0 4 0 0 0 0 2 0 4 0 0 0 0 0 0 0 0 0 0 1 0 0 3 0 0 0 0 3 0 0 1 8 7 8 7 1 4 8 8 9 -1 -1 -1 -1 5 1 2 5 0 0 0 0 0 0 0 0 0 0 0 0 0 0 0 0 0 0 0 0 0 0 0 0 0 0 0 0 0 0 0 0 0 1 8 0 0 0 -1 -1 -1 -1 -1 -1 0 0 7 8 0 0 0 -1 -1 -1 -1 -1 -1 0 0 7 1 0 0 0 -1 -1 -1 -1 -1 -1 0 0 1 1 0 0 0 1 6 0 0 0 6 6 0 0 0 6 3 0 0 0 0 0 0 0 0 0 
.
4 0 ; .
1 1 1 4 4 4 4 4 1 1 2 2 1 3 
.
0 1 0
.
1 2 0
.
2 3 0
.
3 4 0
.
4 5 0
.
5 6 0
.
6 7 0
.
7 8 0
.
8 9 0
.
9 10 0
.
10 11 0
.
11 12 0
.
12 13 0
.
13 14 0
.
14 15 0
.
15 0 0
.
.
0 2 0 0 3 0 0 0 0 3 0 0 0 0 0 0 0 0 0 0 4 0 0 0 0 0 0 5 0 0 0 0 0 0 0 2 0 2 2 0 0 0 0 0 0 2 2 2 0 0 1 0 0 1 0 0 2 2 2 0 0 0 0 0 0 0 2 2 2 0 0 0 0 4 0 0 0 0 2 0 4 0 0 0 0 0 0 0 0 0 0 1 0 0 3 0 0 0 0 3 0 0 1 8 7 8 7 1 4 8 8 9 -1 -1 -1 -1 5 1 2 5 0 0 0 0 0 0 0 0 0 0 0 0 0 0 0 0 0 0 0 0 0 0 0 0 0 0 0 0 0 0 0 0 0 1 8 0 0 0 -1 -1 -1 -1 -1 -1 0 0 7 8 0 0 0 -1 -1 -1 -1 -1 -1 0 0 7 1 0 0 0 -1 -1 -1 -1 -1 -1 0 0 1 1 0 0 0 1 6 0 0 0 6 6 0 0 0 6 3 0 0 0 0 0 0 0 0 0 
.
3 15 ; .
1 1 1 2 4 4 4 4 1 1 2 2 1 3 
.
0 1 0
.
1 2 0
.
2 3 0
.
3 4 0
.
4 5 0
.
5 6 0
.
6 7 0
.
7 8 0
.
8 9 0
.
9 10 0
.
10 11 0
.
11 12 0
.
12 13 0
.
13 14 0
.
14 15 0
.
15 0 0
.
.
0 2 0 0 3 0 0 0 0 3 0 0 0 0 0 0 0 0 0 0 4 0 0 0 0 0 0 5 0 0 0 0 0 0 0 2 0 2 2 0 0 0 0 0 0 2 2 2 0 0 1 0 0 1 0 0 2 2 2 0 0 0 0 0 0 0 2 2 2 0 0 0 0 4 0 0 0 0 2 0 4 0 0 0 0 0 0 0 0 0 0 1 0 0 3 0 0 0 0 3 0 0 1 8 7 8 7 1 4 8 8 9 -1 -1 -1 -1 5 1 2 5 0 0 0 0 0 0 0 0 0 0 0 0 0 0 0 0 0 0 0 0 0 0 0 0 0 0 0 0 0 0 0 0 0 1 8 0 0 0 -1 -1 -1 -1 -1 -1 0 0 7 8 0 0 0 -1 -1 -1 -1 -1 -1 0 0 7 1 0 0 0 -1 -1 -1 -1 -1 -1 0 0 1 1 0 0 0 1 6 0 0 0 6 6 0 0 0 6 3 0 0 0 0 0 0 0 0 0 
.
3 8 ; .
1 1 4 2 4 4 4 4 1 1 2 2 1 3 
.
0 1 0
.
1 2 0
.
2 3 0
.
3 4 0
.
4 5 0
.
5 6 0
.
6 7 0
.
7 8 0
.
8 9 0
.
9 10 0
.
10 11 0
.
11 12 0
.
12 13 0
.
13 14 0
.
14 15 0
.
15 0 0
.
.
0 2 0 0 3 0 0 0 0 3 0 0 0 0 0 0 0 0 0 0 4 0 0 0 0 0 0 5 0 0 0 0 0 0 0 2 0 2 2 0 0 0 0 0 0 2 2 2 0 0 1 0 0 1 0 0 2 2 2 0 0 0 0 0 0 0 2 2 2 0 0 0 0 4 0 0 0 0 2 0 4 0 0 0 0 0 0 0 0 0 0 1 0 0 3 0 0 0 0 3 0 0 1 8 7 8 7 1 4 8 8 9 -1 -1 -1 -1 5 1 2 5 0 0 0 0 0 0 0 0 0 0 0 0 0 0 0 0 0 0 0 0 0 0 0 0 0 0 0 0 0 0 0 0 0 1 8 0 0 0 -1 -1 -1 -1 -1 -1 0 0 7 8 0 0 0 -1 -1 -1 -1 -1 -1 0 0 7 1 0 0 0 -1 -1 -1 -1 -1 -1 0 0 1 1 0 0 0 1 6 0 0 0 6 6 0 0 0 6 3 0 0 0 0 0 0 0 0 0 
.
2 15 ; .
1 1 2 2 4 4 4 4 1 1 2 2 1 3 
.
0 1 0
.
1 2 0
.
2 3 0
.
3 4 0
.
4 5 0
.
5 6 0
.
6 7 0
.
7 8 0
.
8 9 0
.
9 10 0
.
10 11 0
.
11 12 0
.
12 13 0
.
13 14 0
.
14 15 0
.
15 0 0
.
.
0 2 0 0 3 0 0 0 0 3 0 0 0 0 0 0 0 0 0 0 4 0 0 0 0 0 0 5 0 0 0 0 0 0 0 2 0 2 2 0 0 0 0 0 0 2 2 2 0 0 1 0 0 1 0 0 2 2 2 0 0 0 0 0 0 0 2 2 2 0 0 0 0 4 0 0 0 0 2 0 4 0 0 0 0 0 0 0 0 0 0 1 0 0 3 0 0 0 0 3 0 0 1 8 7 8 7 1 4 8 8 9 -1 -1 -1 -1 5 1 2 5 0 0 0 0 0 0 0 0 0 0 0 0 0 0 0 0 0 0 0 0 0 0 0 0 0 0 0 0 0 0 0 0 0 1 8 0 0 0 -1 -1 -1 -1 -1 -1 0 0 7 8 0 0 0 -1 -1 -1 -1 -1 -1 0 0 7 1 0 0 0 -1 -1 -1 -1 -1 -1 0 0 1 1 0 0 0 1 6 0 0 0 6 6 0 0 0 6 3 0 0 0 0 0 0 0 0 0 
.
2 8 ; .
1 4 2 2 4 4 4 4 1 1 2 2 1 3 
.
0 1 0
.
1 2 0
.
2 3 0
.
3 4 0
.
4 5 0
.
5 6 0
.
6 7 0
.
7 8 0
.
8 9 0
.
9 10 0
.
10 11 0
.
11 12 0
.
12 13 0
.
13 14 0
.
14 15 0
.
15 0 0
.
.
0 2 0 0 3 0 0 0 0 3 0 0 0 0 0 0 0 0 0 0 4 0 0 0 0 0 0 5 0 0 0 0 0 0 0 2 0 2 2 0 0 0 0 0 0 2 2 2 0 0 1 0 0 1 0 0 2 2 2 0 0 0 0 0 0 0 2 2 2 0 0 0 0 4 0 0 0 0 2 0 4 0 0 0 0 0 0 0 0 0 0 1 0 0 3 0 0 0 0 3 0 0 1 8 7 8 7 1 4 8 8 9 -1 -1 -1 -1 5 1 2 5 0 0 0 0 0 0 0 0 0 0 0 0 0 0 0 0 0 0 0 0 0 0 0 0 0 0 0 0 0 0 0 0 0 1 8 0 0 0 -1 -1 -1 -1 -1 -1 0 0 7 8 0 0 0 -1 -1 -1 -1 -1 -1 0 0 7 1 0 0 0 -1 -1 -1 -1 -1 -1 0 0 1 1 0 0 0 1 6 0 0 0 6 6 0 0 0 6 3 0 0 0 0 0 0 0 0 0 
.
1 15 ; .
1 2 2 2 4 4 4 4 1 1 2 2 1 3 
.
0 1 0
.
1 0 2
.
1 2 0
.
2 3 0
.
3 4 0
.
4 5 0
.
5 6 0
.
6 7 0
.
7 8 0
.
8 9 0
.
9 10 0
.
10 11 0
.
11 12 0
.
12 13 0
.
13 14 0
.
14 15 0
.
15 1 0
.
.
0 2 0 0 3 0 0 0 0 3 0 0 0 0 0 0 0 0 0 0 4 0 0 0 0 0 0 5 0 0 0 0 0 0 0 2 0 2 2 0 0 0 0 0 0 2 2 2 0 0 1 0 0 1 0 0 2 2 2 0 0 0 0 0 0 0 2 2 2 0 0 0 0 4 0 0 0 0 2 0 4 0 0 0 0 0 0 0 0 0 0 1 0 0 3 0 0 0 0 3 0 0 1 8 7 8 7 1 4 8 8 9 -1 -1 -1 -1 5 1 2 5 0 0 0 0 0 0 0 0 0 0 0 0 0 0 0 0 0 0 0 0 0 0 0 0 0 0 0 0 0 0 0 0 0 1 8 0 0 0 -1 -1 -1 -1 -1 -1 0 0 7 8 0 0 0 -1 -1 -1 -1 -1 -1 0 0 7 1 0 0 0 -1 -1 -1 -1 -1 -1 0 0 1 1 0 0 0 1 6 0 0 0 6 6 0 0 0 6 3 0 0 0 0 0 0 0 0 0 
.
1 8 ; .
1 2 2 2 4 4 4 4 1 1 2 2 6 3 
.
0 1 -2
.
1 2 0
.
2 3 0
.
3 4 0
.
4 5 0
.
5 6 0
.
6 7 0
.
7 8 0
.
8 9 0
.
9 10 0
.
10 11 0
.
11 12 0
.
12 13 0
.
13 14 0
.
14 15 0
.
15 0 2
.
.
0 2 0 0 3 0 0 0 0 3 0 0 0 0 0 0 0 0 0 0 4 0 0 0 0 0 0 5 0 0 0 0 0 0 0 2 0 2 2 0 0 0 0 0 0 2 2 2 0 0 1 0 0 0 1 0 2 2 2 0 0 0 0 0 0 0 2 2 2 0 0 0 0 4 0 0 0 0 2 0 4 0 0 0 0 0 0 0 0 0 0 1 0 0 3 0 0 0 0 3 0 0 1 8 7 8 7 1 4 8 8 9 -1 -1 -1 -1 5 2 2 5 0 0 0 0 0 0 0 0 0 0 0 0 0 0 0 0 0 0 0 0 0 0 0 0 0 0 0 0 0 0 0 0 0 1 8 0 0 0 -1 -1 -1 -1 -1 -1 0 0 7 8 0 0 0 -1 -1 -1 -1 -1 -1 0 0 7 1 0 0 0 -1 -1 -1 -1 -1 -1 0 0 1 1 0 0 0 1 6 0 0 0 6 6 0 0 0 6 3 0 0 0 0 0 0 0 0 0 
.
12 13 ; .
1 2 2 2 4 4 4 4 1 1 2 2 3 3 
.
0 1 -2
.
1 2 0
.
2 3 0
.
3 4 0
.
4 5 0
.
5 6 0
.
6 7 0
.
7 8 0
.
8 9 0
.
9 10 0
.
10 11 0
.
11 12 0
.
12 13 0
.
13 14 2
.
14 15 -2
.
15 0 2
.
.
0 2 0 0 3 0 0 0 0 3 0 0 0 0 0 0 0 0 0 0 4 0 0 0 0 0 0 5 0 0 0 0 0 0 0 2 0 2 2 0 0 0 0 0 0 2 2 2 0 0 1 0 0 0 5 0 2 2 2 0 0 0 0 0 0 0 2 2 2 0 0 0 0 4 0 0 0 0 2 0 4 0 0 0 0 0 0 0 0 0 0 1 0 0 3 0 0 0 0 3 0 0 1 8 7 8 7 1 4 8 8 9 -1 -1 -1 -1 5 2 2 5 0 0 0 0 0 0 0 0 0 0 0 0 0 0 0 0 0 0 0 0 0 0 0 0 0 0 0 0 0 0 0 0 0 1 8 0 0 0 -1 -1 -1 -1 -1 -1 0 0 7 8 0 0 0 -1 -1 -1 -1 -1 -1 0 0 7 1 0 0 0 -1 -1 -1 -1 -1 -1 0 0 1 1 0 0 0 1 6 0 0 0 6 6 0 0 0 6 3 0 0 0 0 0 0 0 0 0 
.
12 15 ; .
1 2 2 2 4 4 4 4 1 6 2 2 3 3 
.
0 1 -2
.
1 2 0
.
2 3 0
.
3 4 0
.
4 5 0
.
5 6 0
.
6 7 0
.
7 8 0
.
8 9 0
.
9 10 0
.
10 11 0
.
11 12 0
.
12 13 0
.
13 14 2
.
14 15 -2
.
15 0 2
.
.
0 2 0 0 3 0 0 0 0 3 0 0 0 0 0 0 0 0 0 0 4 0 0 0 0 0 0 5 0 0 0 0 0 0 0 2 0 2 2 0 0 0 0 0 0 2 2 2 0 0 1 0 0 0 5 0 2 2 2 0 0 0 0 0 0 0 2 2 2 0 0 0 0 4 0 0 0 0 2 0 4 0 0 0 0 0 0 0 0 0 0 0 0 0 3 0 0 0 0 3 0 1 1 8 7 8 7 1 4 8 9 9 -1 -1 -1 -1 5 2 2 5 0 0 0 0 0 0 0 0 0 0 0 0 0 0 0 0 0 0 0 0 0 0 0 0 0 0 0 0 0 0 0 0 0 1 8 0 0 0 -1 -1 -1 -1 -1 -1 0 0 7 8 0 0 0 -1 -1 -1 -1 -1 -1 0 0 7 1 0 0 0 -1 -1 -1 -1 -1 -1 0 0 1 1 0 0 0 1 6 0 0 0 6 6 0 0 0 6 3 0 0 0 0 0 0 0 0 0 
.
9 11 ; .
1 2 2 2 4 4 4 4 1 1 2 2 3 3 
.
0 1 -2
.
1 2 0
.
2 3 0
.
3 4 0
.
4 5 0
.
5 6 0
.
6 7 0
.
7 8 0
.
8 9 0
.
9 10 0
.
10 11 2
.
11 12 -2
.
12 13 0
.
13 14 2
.
14 15 -2
.
15 0 2
.
.
0 2 0 0 3 0 0 0 0 3 0 0 0 0 0 0 0 0 0 0 4 0 0 0 0 0 0 5 0 0 0 0 0 0 0 2 0 2 2 0 0 0 0 0 0 2 2 2 0 0 1 0 0 0 5 0 2 2 2 0 0 0 0 0 0 0 2 2 2 0 0 0 0 4 0 0 0 0 2 0 4 0 0 0 0 0 0 0 0 0 0 0 0 0 3 0 0 0 0 3 0 1 1 8 7 8 7 1 4 8 9 9 -1 -1 -1 -1 5 2 2 5 0 0 0 0 0 0 0 0 0 0 0 0 0 0 0 0 0 0 0 0 0 0 0 0 0 0 0 0 0 0 0 0 0 1 8 0 0 0 -1 -1 -1 -1 -1 -1 0 0 7 8 0 0 0 -1 -1 -1 -1 -1 -1 0 0 7 1 0 0 0 -1 -1 -1 -1 -1 -1 0 0 1 1 0 0 0 1 6 0 0 0 6 6 0 0 0 6 3 0 0 0 0 0 0 0 0 0 
.
9 4 ; .
1 2 2 2 4 4 4 4 6 1 2 2 3 3 
.
0 1 -2
.
1 2 0
.
2 3 0
.
3 4 0
.
4 5 0
.
5 6 0
.
6 7 0
.
7 8 0
.
8 9 0
.
9 10 0
.
10 11 2
.
11 12 -2
.
12 13 0
.
13 14 2
.
14 15 -2
.
15 0 2
.
.
0 2 0 0 3 0 0 0 0 3 0 0 0 0 0 0 0 0 0 0 4 0 0 0 0 0 0 5 0 0 0 0 0 0 0 2 0 2 2 0 0 0 0 0 0 2 2 2 0 1 0 0 0 0 5 0 2 2 2 0 0 0 0 0 0 0 2 2 2 0 0 0 0 4 0 0 0 0 2 0 4 0 0 0 0 0 0 0 0 0 0 0 0 0 3 0 0 0 0 3 0 1 1 8 7 8 7 1 4 7 9 9 -1 -1 -1 -1 5 2 2 5 0 0 0 0 0 0 0 0 0 0 0 0 0 0 0 0 0 0 0 0 0 0 0 0 0 0 0 0 0 0 0 0 0 1 8 0 0 0 -1 -1 -1 -1 -1 -1 0 0 7 8 0 0 0 -1 -1 -1 -1 -1 -1 0 0 7 1 0 0 0 -1 -1 -1 -1 -1 -1 0 0 1 1 0 0 0 1 6 0 0 0 6 6 0 0 0 6 3 0 0 0 0 0 0 0 0 0 
.
8 12 ; .
1 2 2 2 4 4 4 4 3 1 2 2 3 3 
.
0 1 -2
.
1 2 0
.
2 3 0
.
3 4 0
.
4 5 0
.
5 6 0
.
6 7 0
.
7 8 0
.
8 9 0
.
9 10 2
.
10 11 0
.
11 12 -2
.
12 13 0
.
13 14 2
.
14 15 -2
.
15 0 2
.
.
0 2 0 0 3 0 0 0 0 3 0 0 0 0 0 0 0 0 0 0 4 0 0 0 0 0 0 5 0 0 0 0 0 0 0 2 0 2 2 0 0 0 0 0 0 2 2 2 0 5 0 0 0 0 5 0 2 2 2 0 0 0 0 0 0 0 2 2 2 0 0 0 0 4 0 0 0 0 2 0 4 0 0 0 0 0 0 0 0 0 0 0 0 0 3 0 0 0 0 3 0 1 1 8 7 8 7 1 4 7 9 9 -1 -1 -1 -1 5 2 2 5 0 0 0 0 0 0 0 0 0 0 0 0 0 0 0 0 0 0 0 0 0 0 0 0 0 0 0 0 0 0 0 0 0 1 8 0 0 0 -1 -1 -1 -1 -1 -1 0 0 7 8 0 0 0 -1 -1 -1 -1 -1 -1 0 0 7 1 0 0 0 -1 -1 -1 -1 -1 -1 0 0 1 1 0 0 0 1 6 0 0 0 6 6 0 0 0 6 3 0 0 0 0 0 0 0 0 0 
.
8 15 ; .
1 2 2 2 4 4 4 1 3 1 2 2 3 3 
.
0 1 -2
.
1 2 0
.
2 3 0
.
3 4 0
.
4 5 0
.
5 6 0
.
6 7 0
.
7 8 0
.
8 9 0
.
9 10 2
.
10 11 0
.
11 12 -2
.
12 13 0
.
13 14 2
.
14 15 -2
.
15 0 2
.
.
0 2 0 0 3 0 0 0 0 3 0 0 0 0 0 0 0 0 0 0 4 0 0 0 0 0 0 5 0 0 0 0 0 0 0 2 0 2 2 0 0 0 0 0 0 2 2 2 0 5 0 0 0 0 5 0 2 2 2 0 0 0 0 0 0 0 2 2 2 0 0 0 0 4 0 0 0 0 2 0 4 0 0 0 0 0 0 0 0 0 0 0 0 0 3 0 0 0 0 3 0 1 1 8 7 8 7 1 4 7 9 9 -1 -1 -1 -1 5 2 2 5 0 0 0 0 0 0 0 0 0 0 0 0 0 0 0 0 0 0 0 0 0 0 0 0 0 0 0 0 0 0 0 0 0 1 8 0 0 0 -1 -1 -1 -1 -1 -1 0 0 7 8 0 0 0 -1 -1 -1 -1 -1 -1 0 0 7 1 0 0 0 -1 -1 -1 -1 -1 -1 0 0 1 1 0 0 0 1 6 0 0 0 6 6 0 0 0 7 3 0 0 0 0 0 0 0 0 0 
.
7 4 ; .
1 2 2 2 4 4 4 2 3 1 2 2 3 3 
.
0 1 -2
.
1 2 0
.
2 3 0
.
3 4 0
.
4 5 0
.
5 6 0
.
6 7 0
.
7 8 0
.
8 9 0
.
9 10 2
.
10 11 0
.
11 12 -2
.
12 13 0
.
13 14 2
.
14 15 -2
.
15 0 2
.
.
0 2 0 0 3 0 0 0 0 3 0 0 0 0 0 0 0 0 0 0 4 0 0 0 0 0 0 5 0 0 0 0 0 0 0 2 0 2 2 0 0 0 0 0 0 2 2 2 0 5 0 0 0 0 5 0 2 2 2 0 0 0 0 0 0 0 2 2 2 0 0 0 0 4 0 0 0 0 2 0 4 0 0 0 0 0 0 0 0 0 0 0 0 0 3 0 0 0 0 3 0 1 1 8 7 8 7 1 4 7 9 9 -1 -1 -1 -1 5 2 2 5 0 0 0 0 0 0 0 0 0 0 0 0 0 0 0 0 0 0 0 0 0 0 0 0 0 0 0 0 0 0 0 0 0 1 8 0 0 0 -1 -1 -1 -1 -1 -1 0 0 7 8 0 0 0 -1 -1 -1 -1 -1 -1 0 0 7 1 0 0 0 -1 -1 -1 -1 -1 -1 0 0 1 1 0 0 0 1 6 0 0 0 6 6 0 0 0 7 3 0 0 0 0 0 0 0 0 0 
.
7 5 ; .
1 2 2 2 4 4 4 4 3 1 2 2 3 3 
.
0 1 -2
.
1 2 0
.
2 3 0
.
3 4 0
.
4 5 0
.
5 6 0
.
6 7 0
.
7 8 0
.
8 9 2
.
9 10 0
.
10 11 0
.
11 12 -2
.
12 13 0
.
13 14 2
.
14 15 -2
.
15 0 2
.
.
0 2 0 0 3 0 0 0 0 3 0 0 0 0 0 0 0 0 0 0 4 0 0 0 0 0 0 5 0 0 0 0 0 0 0 2 0 2 2 0 0 0 0 0 0 2 2 2 0 5 0 0 0 0 5 0 2 2 2 0 0 0 0 0 0 0 2 2 2 0 0 0 0 4 0 0 0 0 2 0 4 0 0 0 0 0 0 0 0 0 0 0 0 0 3 0 0 0 0 3 0 1 1 8 7 8 7 1 4 7 9 9 -1 -1 -1 -1 5 2 2 5 0 0 0 0 0 0 0 0 0 0 0 0 0 0 0 0 0 0 0 0 0 0 0 0 0 0 0 0 0 0 0 0 0 1 8 0 0 0 -1 -1 -1 -1 -1 -1 0 0 7 8 0 0 0 -1 -1 -1 -1 -1 -1 0 0 7 1 0 0 0 -1 -1 -1 -1 -1 -1 0 0 1 1 0 0 0 1 6 0 0 0 6 6 0 0 0 7 3 0 0 0 0 0 0 0 0 0 
.
7 0 ; .
1 2 2 2 4 4 1 4 3 1 2 2 3 3 
.
0 1 -2
.
1 2 0
.
2 3 0
.
3 4 0
.
4 5 0
.
5 6 0
.
6 7 0
.
7 8 0
.
8 9 2
.
9 10 0
.
10 11 0
.
11 12 -2
.
12 13 0
.
13 14 2
.
14 15 -2
.
15 0 2
.
.
0 2 0 0 3 0 0 0 0 3 0 0 0 0 0 0 0 0 0 0 4 0 0 0 0 0 0 5 0 0 0 0 0 0 0 2 0 2 2 0 0 0 0 0 0 2 2 2 0 5 0 0 0 0 5 0 2 2 2 0 0 0 0 0 0 0 2 2 2 0 0 0 0 4 0 0 0 0 2 0 4 0 0 0 0 0 0 0 0 0 0 0 0 0 3 0 0 0 0 3 0 1 1 8 7 8 7 1 4 7 9 9 -1 -1 -1 -1 5 2 2 5 0 0 0 0 0 0 0 0 0 0 0 0 0 0 0 0 0 0 0 0 0 0 0 0 0 0 0 0 0 0 0 0 0 1 8 0 0 0 -1 -1 -1 -1 -1 -1 0 0 7 8 0 0 0 -1 -1 -1 -1 -1 -1 0 0 7 1 0 0 0 -1 -1 -1 -1 -1 -1 0 0 1 1 0 0 0 1 6 0 0 0 7 6 0 0 0 7 3 0 0 0 0 0 0 0 0 0 
.
6 4 ; .
1 2 2 2 4 4 2 4 3 1 2 2 3 3 
.
0 1 -2
.
1 2 0
.
2 3 0
.
3 4 0
.
4 5 0
.
5 6 0
.
6 7 0
.
7 8 0
.
8 9 2
.
9 10 0
.
10 11 0
.
11 12 -2
.
12 13 0
.
13 14 2
.
14 15 -2
.
15 0 2
.
.
0 2 0 0 3 0 0 0 0 3 0 0 0 0 0 0 0 0 0 0 4 0 0 0 0 0 0 5 0 0 0 0 0 0 0 2 0 2 2 0 0 0 0 0 0 2 2 2 0 5 0 0 0 0 5 0 2 2 2 0 0 0 0 0 0 0 2 2 2 0 0 0 0 4 0 0 0 0 2 0 4 0 0 0 0 0 0 0 0 0 0 0 0 0 3 0 0 0 0 3 0 1 1 8 7 8 7 1 4 7 9 9 -1 -1 -1 -1 5 2 2 5 0 0 0 0 0 0 0 0 0 0 0 0 0 0 0 0 0 0 0 0 0 0 0 0 0 0 0 0 0 0 0 0 0 1 8 0 0 0 -1 -1 -1 -1 -1 -1 0 0 7 8 0 0 0 -1 -1 -1 -1 -1 -1 0 0 7 1 0 0 0 -1 -1 -1 -1 -1 -1 0 0 1 1 0 0 0 1 6 0 0 0 7 6 0 0 0 7 3 0 0 0 0 0 0 0 0 0 
.
6 5 ; .
1 2 2 2 4 4 4 4 3 1 2 2 3 3 
.
0 1 -2
.
1 2 0
.
2 3 0
.
3 4 0
.
4 5 0
.
5 6 0
.
6 7 0
.
7 8 2
.
8 9 0
.
9 10 0
.
10 11 0
.
11 12 -2
.
12 13 0
.
13 14 2
.
14 15 -2
.
15 0 2
.
.
0 2 0 0 3 0 0 0 0 3 0 0 0 0 0 0 0 0 0 0 4 0 0 0 0 0 0 5 0 0 0 0 0 0 0 2 0 2 2 0 0 0 0 0 0 2 2 2 0 5 0 0 0 0 5 0 2 2 2 0 0 0 0 0 0 0 2 2 2 0 0 0 0 4 0 0 0 0 2 0 4 0 0 0 0 0 0 0 0 0 0 0 0 0 3 0 0 0 0 3 0 1 1 8 7 8 7 1 4 7 9 9 -1 -1 -1 -1 5 2 2 5 0 0 0 0 0 0 0 0 0 0 0 0 0 0 0 0 0 0 0 0 0 0 0 0 0 0 0 0 0 0 0 0 0 1 8 0 0 0 -1 -1 -1 -1 -1 -1 0 0 7 8 0 0 0 -1 -1 -1 -1 -1 -1 0 0 7 1 0 0 0 -1 -1 -1 -1 -1 -1 0 0 1 1 0 0 0 1 6 0 0 0 7 6 0 0 0 7 3 0 0 0 0 0 0 0 0 0 
.
6 0 ; .
1 2 2 2 4 1 4 4 3 1 2 2 3 3 
.
0 1 -2
.
1 2 0
.
2 3 0
.
3 4 0
.
4 5 0
.
5 6 0
.
6 7 0
.
7 8 2
.
8 9 0
.
9 10 0
.
10 11 0
.
11 12 -2
.
12 13 0
.
13 14 2
.
14 15 -2
.
15 0 2
.
.
0 2 0 0 3 0 0 0 0 3 0 0 0 0 0 0 0 0 0 0 4 0 0 0 0 0 0 5 0 0 0 0 0 0 0 2 0 2 2 0 0 0 0 0 0 2 2 2 0 5 0 0 0 0 5 0 2 2 2 0 0 0 0 0 0 0 2 2 2 0 0 0 0 4 0 0 0 0 2 0 4 0 0 0 0 0 0 0 0 0 0 0 0 0 3 0 0 0 0 3 0 1 1 8 7 8 7 1 4 7 9 9 -1 -1 -1 -1 5 2 2 5 0 0 0 0 0 0 0 0 0 0 0 0 0 0 0 0 0 0 0 0 0 0 0 0 0 0 0 0 0 0 0 0 0 1 8 0 0 0 -1 -1 -1 -1 -1 -1 0 0 7 8 0 0 0 -1 -1 -1 -1 -1 -1 0 0 7 1 0 0 0 -1 -1 -1 -1 -1 -1 0 0 1 1 0 0 0 2 6 0 0 0 7 6 0 0 0 7 3 0 0 0 0 0 0 0 0 0 
.
5 4 ; .
1 2 2 2 4 2 4 4 3 1 2 2 3 3 
.
0 1 -2
.
1 2 0
.
2 3 0
.
3 4 0
.
4 5 0
.
5 6 0
.
6 7 0
.
7 8 2
.
8 9 0
.
9 10 0
.
10 11 0
.
11 12 -2
.
12 13 0
.
13 14 2
.
14 15 -2
.
15 0 2
.
.
0 2 0 0 3 0 0 0 0 3 0 0 0 0 0 0 0 0 0 0 4 0 0 0 0 0 0 5 0 0 0 0 0 0 0 2 0 2 2 0 0 0 0 0 0 2 2 2 0 5 0 0 0 0 5 0 2 2 2 0 0 0 0 0 0 0 2 2 2 0 0 0 0 4 0 0 0 0 2 0 4 0 0 0 0 0 0 0 0 0 0 0 0 0 3 0 0 0 0 3 0 1 1 8 7 8 7 1 4 7 9 9 -1 -1 -1 -1 5 2 2 5 0 0 0 0 0 0 0 0 0 0 0 0 0 0 0 0 0 0 0 0 0 0 0 0 0 0 0 0 0 0 0 0 0 1 8 0 0 0 -1 -1 -1 -1 -1 -1 0 0 7 8 0 0 0 -1 -1 -1 -1 -1 -1 0 0 7 1 0 0 0 -1 -1 -1 -1 -1 -1 0 0 1 1 0 0 0 2 6 5 0 0 7 6 0 0 0 7 3 0 0 0 0 0 0 0 0 0 
.
5 5 ; .
1 2 2 2 4 4 4 4 3 1 2 2 3 3 
.
0 1 -2
.
1 2 0
.
2 3 0
.
3 4 0
.
4 5 0
.
5 6 0
.
6 7 2
.
7 8 0
.
8 9 0
.
9 10 0
.
10 11 0
.
11 12 -2
.
12 13 0
.
13 14 2
.
14 15 -2
.
15 0 2
.
.
0 2 0 0 3 0 0 0 0 3 0 0 0 0 0 0 0 0 0 0 4 0 0 0 0 0 0 5 0 0 0 0 0 0 0 2 0 2 2 0 0 0 0 0 0 2 2 2 0 5 0 0 0 0 5 0 2 2 2 0 0 0 0 0 0 0 2 2 2 0 0 0 0 4 0 0 0 0 2 0 4 0 0 0 0 0 0 0 0 0 0 0 0 0 3 0 0 0 0 3 0 1 1 8 7 8 7 1 4 7 9 9 -1 -1 -1 -1 5 2 2 5 0 0 0 0 0 0 0 0 0 0 0 0 0 0 0 0 0 0 0 0 0 0 0 0 0 0 0 0 0 0 0 0 0 1 8 0 0 0 -1 -1 -1 -1 -1 -1 0 0 7 8 0 0 0 -1 -1 -1 -1 -1 -1 0 0 7 1 0 0 0 -1 -1 -1 -1 -1 -1 0 0 1 1 0 0 0 2 6 5 0 0 7 6 0 0 0 7 3 0 0 0 0 0 0 0 0 0 
.
5 0 ; .
1 2 2 2 1 4 4 4 3 1 2 2 3 3 
.
0 1 -2
.
1 2 0
.
2 3 0
.
3 4 0
.
4 5 0
.
5 6 0
.
6 7 2
.
7 8 0
.
8 9 0
.
9 10 0
.
10 11 0
.
11 12 -2
.
12 13 0
.
13 14 2
.
14 15 -2
.
15 0 2
.
.
0 2 0 0 3 0 0 0 0 3 0 0 0 0 0 0 0 0 0 0 4 0 0 0 0 0 0 5 0 0 0 0 0 0 0 2 0 2 2 0 0 0 0 0 0 2 2 2 0 5 0 0 0 0 5 0 2 2 2 0 0 0 0 0 0 0 2 2 2 0 0 0 0 4 0 0 0 0 2 0 4 0 0 0 0 0 0 0 0 0 0 0 0 0 3 0 0 0 0 3 0 1 1 8 7 8 7 1 4 7 9 9 -1 -1 -1 -1 5 2 2 5 0 0 0 0 0 0 0 0 0 0 0 0 0 0 0 0 0 0 0 0 0 0 0 0 0 0 0 0 0 0 0 0 0 1 8 0 0 0 -1 -1 -1 -1 -1 -1 0 0 7 8 0 0 0 -1 -1 -1 -1 -1 -1 0 0 7 1 0 0 0 -1 -1 -1 -1 -1 -1 0 0 2 1 0 0 0 2 6 5 0 0 7 6 0 0 0 7 3 0 0 0 0 0 0 0 0 0 
.
4 4 ; .
1 2 2 2 2 4 4 4 3 1 2 2 3 3 
.
0 1 -2
.
1 2 0
.
2 3 0
.
3 4 0
.
4 5 0
.
5 6 0
.
6 7 2
.
7 8 0
.
8 9 0
.
9 10 0
.
10 11 0
.
11 12 -2
.
12 13 0
.
13 14 2
.
14 15 -2
.
15 0 2
.
.
0 2 0 0 3 0 0 0 0 3 0 0 0 0 0 0 0 0 0 0 4 0 0 0 0 0 0 5 0 0 0 0 0 0 0 2 0 2 2 0 0 0 0 0 0 2 2 2 0 5 0 0 0 0 5 0 2 2 2 0 0 0 0 0 0 0 2 2 2 0 0 0 0 4 0 0 0 0 2 0 4 0 0 0 0 0 0 0 0 0 0 0 0 0 3 0 0 0 0 3 0 1 1 8 7 8 7 1 4 7 9 9 -1 -1 -1 -1 5 2 2 5 0 0 0 0 0 0 0 0 0 0 0 0 0 0 0 0 0 0 0 0 0 0 0 0 0 0 0 0 0 0 0 0 0 1 8 0 0 0 -1 -1 -1 -1 -1 -1 0 0 7 8 0 0 0 -1 -1 -1 -1 -1 -1 0 0 7 1 0 0 0 -1 -1 -1 -1 -1 -1 0 0 2 1 0 0 0 2 6 5 0 0 7 6 0 0 0 7 3 0 0 0 0 0 0 0 0 0 
.
4 5 ; .
1 2 2 2 4 4 4 4 3 1 2 2 3 3 
.
0 1 -2
.
1 2 0
.
2 3 0
.
3 4 0
.
4 5 0
.
5 6 2
.
6 7 0
.
7 8 0
.
8 9 0
.
9 10 0
.
10 11 0
.
11 12 -2
.
12 13 0
.
13 14 2
.
14 15 -2
.
15 0 2
.
.
0 2 0 0 3 0 0 0 0 3 0 0 0 0 0 0 0 0 0 0 4 0 0 0 0 0 0 5 0 0 0 0 0 0 0 2 0 2 2 0 0 0 0 0 0 2 2 2 0 5 0 0 0 0 5 0 2 2 2 0 0 0 0 0 0 0 2 2 2 0 0 0 0 4 0 0 0 0 2 0 4 0 0 0 0 0 0 0 0 0 0 0 0 0 3 0 0 0 0 3 0 1 1 8 7 8 7 1 4 7 9 9 -1 -1 -1 -1 5 2 2 5 0 0 0 0 0 0 0 0 0 0 0 0 0 0 0 0 0 0 0 0 0 0 0 0 0 0 0 0 0 0 0 0 0 1 8 0 0 0 -1 -1 -1 -1 -1 -1 0 0 7 8 0 0 0 -1 -1 -1 -1 -1 -1 0 0 7 1 0 0 0 -1 -1 -1 -1 -1 -1 0 0 2 1 0 0 0 2 6 5 0 0 7 6 0 0 0 7 3 0 0 0 0 0 0 0 0 0 
.
4 0 ; .
1 2 2 1 4 4 4 4 3 1 2 2 3 3 
.
0 1 -2
.
1 2 0
.
2 3 0
.
3 4 0
.
4 5 0
.
5 6 2
.
6 7 0
.
7 8 0
.
8 9 0
.
9 10 0
.
10 11 0
.
11 12 -2
.
12 13 0
.
13 14 2
.
14 15 -2
.
15 0 2
.
.
0 2 0 0 3 0 0 0 0 3 0 0 0 0 0 0 0 0 0 0 4 0 0 0 0 0 0 5 0 0 0 0 0 0 0 2 0 2 2 0 0 0 0 0 0 2 2 2 0 5 0 0 0 0 5 0 2 2 2 0 0 0 0 0 0 0 2 2 2 0 0 0 0 0 4 0 0 0 2 0 4 0 0 0 0 0 0 0 0 0 0 0 0 0 3 0 0 0 0 3 0 1 1 8 7 8 7 2 4 7 9 9 -1 -1 -1 -1 5 2 2 5 0 0 0 0 0 0 0 0 0 0 0 0 0 0 0 0 0 0 0 0 0 0 0 0 0 0 0 0 0 0 0 0 0 1 8 0 0 0 -1 -1 -1 -1 -1 -1 0 0 7 8 0 0 0 -1 -1 -1 -1 -1 -1 0 0 7 2 0 0 0 -1 -1 -1 -1 -1 -1 0 3 2 1 0 0 0 2 6 5 0 0 7 6 0 0 0 7 3 0 0 0 0 0 0 0 0 0 
.
3 12 ; .
1 2 2 4 4 4 4 4 3 1 2 2 3 3 
.
0 1 -2
.
1 2 0
.
2 3 0
.
3 4 0
.
4 5 0
.
5 6 2
.
6 7 0
.
7 8 0
.
8 9 0
.
9 10 0
.
10 11 0
.
11 12 -2
.
12 13 0
.
13 14 2
.
14 15 -2
.
15 0 2
.
.
0 2 0 0 3 0 0 0 0 3 0 0 0 0 0 0 0 0 0 0 4 0 0 0 0 0 0 5 0 0 0 0 0 0 0 2 0 2 2 0 0 0 0 0 0 2 2 2 0 5 0 0 0 0 5 0 2 2 2 0 0 0 0 0 0 0 2 2 2 0 0 0 0 0 4 0 0 0 2 0 4 0 0 0 0 0 0 0 0 0 0 0 0 0 3 0 0 0 0 3 0 1 1 8 7 8 7 2 4 7 9 9 -1 -1 -1 -1 5 2 2 5 0 0 0 0 0 0 0 0 0 0 0 0 0 0 0 0 0 0 0 0 0 0 0 0 0 0 0 0 0 0 0 0 0 1 8 0 0 0 -1 -1 -1 -1 -1 -1 0 0 7 8 0 0 0 -1 -1 -1 -1 -1 -1 0 0 7 2 0 0 0 -1 -1 -1 -1 -1 -1 0 3 2 1 0 0 0 2 6 5 0 0 7 6 0 0 0 7 3 0 0 0 0 0 0 0 0 0 
.
3 15 ; .
1 2 2 2 4 4 4 4 3 1 2 2 3 3 
.
0 1 -2
.
1 2 0
.
2 3 0
.
3 4 0
.
4 5 2
.
5 6 0
.
6 7 0
.
7 8 0
.
8 9 0
.
9 10 0
.
10 11 0
.
11 12 -2
.
12 13 0
.
13 14 2
.
14 15 -2
.
15 0 2
.
.
0 2 0 0 3 0 0 0 0 3 0 0 0 0 0 0 0 0 0 0 4 0 0 0 0 0 0 5 0 0 0 0 0 0 0 2 0 2 2 0 0 0 0 0 0 2 2 2 0 5 0 0 0 0 5 0 2 2 2 0 0 0 0 0 0 0 2 2 2 0 0 0 0 0 4 0 0 0 2 0 4 0 0 0 0 0 0 0 0 0 0 0 0 0 3 0 0 0 0 3 0 1 1 8 7 8 7 2 4 7 9 9 -1 -1 -1 -1 5 2 2 5 0 0 0 0 0 0 0 0 0 0 0 0 0 0 0 0 0 0 0 0 0 0 0 0 0 0 0 0 0 0 0 0 0 1 8 0 0 0 -1 -1 -1 -1 -1 -1 0 0 7 8 0 0 0 -1 -1 -1 -1 -1 -1 0 0 7 2 0 0 0 -1 -1 -1 -1 -1 -1 0 3 2 1 0 0 0 2 6 5 0 0 7 6 0 0 0 7 3 0 0 0 0 0 0 0 0 0 
.
3 8 ; .
1 2 1 2 4 4 4 4 3 1 2 2 3 3 
.
0 1 -2
.
1 2 0
.
2 3 0
.
3 4 0
.
4 5 2
.
5 6 0
.
6 7 0
.
7 8 0
.
8 9 0
.
9 10 0
.
10 11 0
.
11 12 -2
.
12 13 0
.
13 14 2
.
14 15 -2
.
15 0 2
.
.
0 2 0 0 3 0 0 0 0 3 0 0 0 0 0 0 0 0 0 0 4 0 0 0 0 0 0 5 0 0 0 0 0 0 0 2 0 2 2 0 0 0 0 0 0 2 2 2 0 5 0 0 0 0 5 0 2 2 2 0 0 0 0 0 0 0 2 2 2 0 0 0 0 0 4 0 0 0 2 0 0 0 0 0 0 0 0 0 0 0 4 0 0 0 3 0 0 0 0 3 0 1 1 8 8 8 7 2 4 7 9 9 -1 -1 -1 -1 5 2 2 5 0 0 0 0 0 0 0 0 0 0 0 0 0 0 0 0 0 0 0 0 0 0 0 0 0 0 0 0 0 0 0 0 0 1 8 0 0 0 -1 -1 -1 -1 -1 -1 0 0 8 8 0 0 0 -1 -1 -1 -1 -1 -1 0 1 7 2 0 0 0 -1 -1 -1 -1 -1 -1 0 3 2 1 0 0 0 2 6 5 0 0 7 6 0 0 0 7 3 0 0 0 0 0 0 0 0 0 
.
2 10 ; .
1 2 4 2 4 4 4 4 3 1 2 2 3 3 
.
0 1 -2
.
1 2 0
.
2 3 0
.
3 4 0
.
4 5 2
.
5 6 0
.
6 7 0
.
7 8 0
.
8 9 0
.
9 10 0
.
10 11 0
.
11 12 -2
.
12 13 0
.
13 14 2
.
14 15 -2
.
15 0 2
.
.
0 2 0 0 3 0 0 0 0 3 0 0 0 0 0 0 0 0 0 0 4 0 0 0 0 0 0 5 0 0 0 0 0 0 0 2 0 2 2 0 0 0 0 0 0 2 2 2 0 5 0 0 0 0 5 0 2 2 2 0 0 0 0 0 0 0 2 2 2 0 0 0 0 0 4 0 0 0 2 0 0 0 0 0 0 0 0 0 0 0 4 0 0 0 3 0 0 0 0 3 0 1 1 8 8 8 7 2 4 7 9 9 -1 -1 -1 -1 5 2 2 5 0 0 0 0 0 0 0 0 0 0 0 0 0 0 0 0 0 0 0 0 0 0 0 0 0 0 0 0 0 0 0 0 0 1 8 0 0 0 -1 -1 -1 -1 -1 -1 0 0 8 8 0 0 0 -1 -1 -1 -1 -1 -1 0 1 7 2 0 0 0 -1 -1 -1 -1 -1 -1 0 3 2 1 0 0 0 2 6 5 0 0 7 6 0 0 0 7 3 0 0 0 0 0 0 0 0 0 
.
2 15 ; .
1 2 2 2 4 4 4 4 3 1 2 2 3 3 
.
0 1 -2
.
1 2 0
.
2 3 0
.
3 4 2
.
4 5 0
.
5 6 0
.
6 7 0
.
7 8 0
.
8 9 0
.
9 10 0
.
10 11 0
.
11 12 -2
.
12 13 0
.
13 14 2
.
14 15 -2
.
15 0 2
.
.
0 2 0 0 3 0 0 0 0 3 0 0 0 0 0 0 0 0 0 0 4 0 0 0 0 0 0 5 0 0 0 0 0 0 0 2 0 2 2 0 0 0 0 0 0 2 2 2 0 5 0 0 0 0 5 0 2 2 2 0 0 0 0 0 0 0 2 2 2 0 0 0 0 0 4 0 0 0 2 0 0 0 0 0 0 0 0 0 0 0 4 0 0 0 3 0 0 0 0 3 0 1 1 8 8 8 7 2 4 7 9 9 -1 -1 -1 -1 5 2 2 5 0 0 0 0 0 0 0 0 0 0 0 0 0 0 0 0 0 0 0 0 0 0 0 0 0 0 0 0 0 0 0 0 0 1 8 0 0 0 -1 -1 -1 -1 -1 -1 0 0 8 8 0 0 0 -1 -1 -1 -1 -1 -1 0 1 7 2 0 0 0 -1 -1 -1 -1 -1 -1 0 3 2 1 0 0 0 2 6 5 0 0 7 6 0 0 0 7 3 0 0 0 0 0 0 0 0 0 
.
2 8 ; .
1 1 2 2 4 4 4 4 3 1 2 2 3 3 
.
0 1 -2
.
1 2 0
.
2 3 0
.
3 4 2
.
4 5 0
.
5 6 0
.
6 7 0
.
7 8 0
.
8 9 0
.
9 10 0
.
10 11 0
.
11 12 -2
.
12 13 0
.
13 14 2
.
14 15 -2
.
15 0 2
.
.
0 2 0 0 3 0 0 0 0 3 0 0 0 0 0 0 0 0 0 0 0 4 0 0 0 0 0 5 0 0 0 0 0 0 0 2 0 2 2 0 0 0 0 0 0 2 2 2 0 5 0 0 0 0 5 0 2 2 2 0 0 0 0 0 0 0 2 2 2 0 0 0 0 0 4 0 0 0 2 0 0 0 0 0 0 0 0 0 0 0 4 0 0 0 3 0 0 0 0 3 0 1 1 9 8 8 7 2 4 7 9 9 -1 -1 -1 -1 5 2 2 5 0 0 0 0 0 0 0 0 0 0 0 0 0 0 0 0 0 0 0 0 0 0 0 0 0 0 0 0 0 0 0 0 0 1 9 0 0 0 -1 -1 -1 -1 -1 -1 0 3 8 8 0 0 0 -1 -1 -1 -1 -1 -1 0 1 7 2 0 0 0 -1 -1 -1 -1 -1 -1 0 3 2 1 0 0 0 2 6 5 0 0 7 6 0 0 0 7 3 0 0 0 0 0 0 0 0 0 
.
1 12 ; .
1 4 2 2 4 4 4 4 3 1 2 2 3 3 
.
0 1 -2
.
1 2 0
.
2 3 0
.
3 4 2
.
4 5 0
.
5 6 0
.
6 7 0
.
7 8 0
.
8 9 0
.
9 10 0
.
10 11 0
.
11 12 -2
.
12 13 0
.
13 14 2
.
14 15 -2
.
15 0 2
.
.
0 2 0 0 3 0 0 0 0 3 0 0 0 0 0 0 0 0 0 0 0 4 0 0 0 0 0 5 0 0 0 0 0 0 0 2 0 2 2 0 0 0 0 0 0 2 2 2 0 5 0 0 0 0 5 0 2 2 2 0 0 0 0 0 0 0 2 2 2 0 0 0 0 0 4 0 0 0 2 0 0 0 0 0 0 0 0 0 0 0 4 0 0 0 3 0 0 0 0 3 0 1 1 9 8 8 7 2 4 7 9 9 -1 -1 -1 -1 5 2 2 5 0 0 0 0 0 0 0 0 0 0 0 0 0 0 0 0 0 0 0 0 0 0 0 0 0 0 0 0 0 0 0 0 0 1 9 0 0 0 -1 -1 -1 -1 -1 -1 0 3 8 8 0 0 0 -1 -1 -1 -1 -1 -1 0 1 7 2 0 0 0 -1 -1 -1 -1 -1 -1 0 3 2 1 0 0 0 2 6 5 0 0 7 6 0 0 0 7 3 0 0 0 0 0 0 0 0 0 
.
1 15 ; .
1 2 2 2 4 4 4 4 3 1 2 2 3 3 
.
0 1 -2
.
1 0 4
.
1 2 0
.
2 3 2
.
3 4 0
.
4 5 0
.
5 6 0
.
6 7 0
.
7 8 0
.
8 9 0
.
9 10 0
.
10 11 0
.
11 12 -2
.
12 13 0
.
13 14 2
.
14 15 -2
.
15 1 0
.
.
0 2 0 0 3 0 0 0 0 3 0 0 0 0 0 0 0 0 0 0 0 4 0 0 0 0 0 5 0 0 0 0 0 0 0 2 0 2 2 0 0 0 0 0 0 2 2 2 0 5 0 0 0 0 5 0 2 2 2 0 0 0 0 0 0 0 2 2 2 0 0 0 0 0 4 0 0 0 2 0 0 0 0 0 0 0 0 0 0 0 4 0 0 0 3 0 0 0 0 3 0 1 1 9 8 8 7 2 4 7 9 9 -1 -1 -1 -1 5 2 2 5 0 0 0 0 0 0 0 0 0 0 0 0 0 0 0 0 0 0 0 0 0 0 0 0 0 0 0 0 0 0 0 0 0 1 9 0 0 0 -1 -1 -1 -1 -1 -1 0 3 8 8 0 0 0 -1 -1 -1 -1 -1 -1 0 1 7 2 0 0 0 -1 -1 -1 -1 -1 -1 0 3 2 1 0 0 0 2 6 5 0 0 7 6 0 0 0 7 3 0 0 0 0 0 0 0 0 0 
.
1 8 ; .
1 2 2 2 4 4 4 4 3 1 2 2 3 2 
.
0 1 -4
.
1 2 0
.
2 3 2
.
3 4 0
.
4 5 0
.
5 6 0
.
6 7 0
.
7 8 0
.
8 9 0
.
9 10 0
.
10 11 0
.
11 12 -2
.
12 13 0
.
13 14 2
.
14 15 -2
.
15 0 4
.
.
1 2 0 0 3 0 0 0 0 3 0 0 0 0 0 0 0 0 0 0 0 4 0 0 0 0 0 0 0 0 0 0 0 0 0 2 0 2 2 0 0 0 0 0 0 2 2 2 0 5 0 0 0 0 5 0 2 2 2 0 0 0 0 0 0 0 2 2 2 0 0 0 0 0 4 0 0 0 2 0 0 0 0 0 0 0 0 0 0 0 4 0 0 0 3 0 0 0 0 3 0 1 1 9 8 8 7 2 4 7 9 9 -1 -1 -1 -1 5 2 -1 -1 0 0 0 0 0 0 0 0 0 0 0 0 0 0 0 0 0 0 0 0 0 0 0 0 0 0 0 0 0 0 0 0 0 1 9 0 0 0 -1 -1 -1 -1 -1 -1 0 3 8 8 0 0 0 -1 -1 -1 -1 -1 -1 0 1 7 2 0 0 0 -1 -1 -1 -1 -1 -1 0 3 2 1 0 0 0 2 6 5 0 0 7 6 0 0 0 7 3 0 0 0 0 0 0 0 0 0 
.
13 14 ; .
1 2 2 2 4 4 4 1 3 1 2 2 3 2 
.
0 1 -4
.
1 2 0
.
2 3 2
.
3 4 0
.
4 5 0
.
5 6 0
.
6 7 0
.
7 8 0
.
8 9 0
.
9 10 0
.
10 11 0
.
11 12 -2
.
12 13 0
.
13 14 2
.
14 15 -2
.
15 0 4
.
.
1 2 0 0 3 0 0 0 0 3 0 0 0 0 0 0 0 0 0 0 0 4 0 0 0 0 0 0 0 0 0 0 0 0 0 2 0 2 2 0 0 0 0 0 0 2 2 2 0 5 0 0 0 0 5 0 2 2 2 0 0 0 0 0 0 0 2 2 2 0 0 0 0 0 4 0 0 0 2 0 0 0 0 0 0 0 0 0 0 0 4 0 0 0 3 0 0 0 0 3 0 1 1 9 8 8 7 2 4 7 9 9 -1 -1 -1 -1 5 2 -1 -1 0 0 0 0 0 0 0 0 0 0 0 0 0 0 0 0 0 0 0 0 0 0 0 0 0 0 0 0 0 0 0 0 0 1 9 0 0 0 -1 -1 -1 -1 -1 -1 0 3 8 8 0 0 0 -1 -1 -1 -1 -1 -1 0 1 7 2 0 0 0 -1 -1 -1 -1 -1 -1 0 3 2 1 0 0 0 2 6 5 0 0 7 6 0 0 0 8 3 0 0 0 0 0 0 0 0 0 
.
7 4 ; .
1 2 2 2 4 4 4 2 3 1 2 2 3 2 
.
0 1 -4
.
1 2 0
.
2 3 2
.
3 4 0
.
4 5 0
.
5 6 0
.
6 7 0
.
7 8 0
.
8 9 0
.
9 10 0
.
10 11 0
.
11 12 -2
.
12 13 0
.
13 14 2
.
14 15 -2
.
15 0 4
.
.
1 2 0 0 3 0 0 0 0 3 0 0 0 0 0 0 0 0 0 0 0 4 0 0 0 0 0 0 0 0 0 0 0 0 0 2 0 2 2 0 0 0 0 0 0 2 2 2 0 5 0 0 0 0 5 0 2 2 2 0 0 0 0 0 0 0 2 2 2 0 0 0 0 0 4 0 0 0 2 0 0 0 0 0 0 0 0 0 0 0 4 0 0 0 3 0 0 0 0 3 0 1 1 9 8 8 7 2 4 7 9 9 -1 -1 -1 -1 5 2 -1 -1 0 0 0 0 0 0 0 0 0 0 0 0 0 0 0 0 0 0 0 0 0 0 0 0 0 0 0 0 0 0 0 0 0 1 9 0 0 0 -1 -1 -1 -1 -1 -1 0 3 8 8 0 0 0 -1 -1 -1 -1 -1 -1 0 1 7 2 0 0 0 -1 -1 -1 -1 -1 -1 0 3 2 1 0 0 0 2 6 5 0 0 7 6 0 0 0 8 3 0 0 0 0 0 0 0 0 0 
.
7 5 ; .
1 2 2 2 4 4 4 4 3 1 2 2 3 2 
.
0 1 -4
.
1 2 0
.
2 3 2
.
3 4 0
.
4 5 0
.
5 6 0
.
6 7 0
.
7 8 0
.
8 9 2
.
9 10 -2
.
10 11 0
.
11 12 -2
.
12 13 0
.
13 14 2
.
14 15 -2
.
15 0 4
.
.
1 2 0 0 3 0 0 0 0 3 0 0 0 0 0 0 0 0 0 0 0 4 0 0 0 0 0 0 0 0 0 0 0 0 0 2 0 2 2 0 0 0 0 0 0 2 2 2 0 5 0 0 0 0 5 0 2 2 2 0 0 0 0 0 0 0 2 2 2 0 0 0 0 0 4 0 0 0 2 0 0 0 0 0 0 0 0 0 0 0 4 0 0 0 3 0 0 0 0 3 0 1 1 9 8 8 7 2 4 7 9 9 -1 -1 -1 -1 5 2 -1 -1 0 0 0 0 0 0 0 0 0 0 0 0 0 0 0 0 0 0 0 0 0 0 0 0 0 0 0 0 0 0 0 0 0 1 9 0 0 0 -1 -1 -1 -1 -1 -1 0 3 8 8 0 0 0 -1 -1 -1 -1 -1 -1 0 1 7 2 0 0 0 -1 -1 -1 -1 -1 -1 0 3 2 1 0 0 0 2 6 5 0 0 7 6 0 0 0 8 3 0 0 0 0 0 0 0 0 0 
.
7 0 ; .
1 2 2 2 4 4 1 4 3 1 2 2 3 2 
.
0 1 -4
.
1 2 0
.
2 3 2
.
3 4 0
.
4 5 0
.
5 6 0
.
6 7 0
.
7 8 0
.
8 9 2
.
9 10 -2
.
10 11 0
.
11 12 -2
.
12 13 0
.
13 14 2
.
14 15 -2
.
15 0 4
.
.
1 2 0 0 3 0 0 0 0 3 0 0 0 0 0 0 0 0 0 0 0 4 0 0 0 0 0 0 0 0 0 0 0 0 0 2 0 2 2 0 0 0 0 0 0 2 2 2 0 5 0 0 0 0 5 0 2 2 2 0 0 0 0 0 0 0 2 2 2 0 0 0 0 0 4 0 0 0 2 0 0 0 0 0 0 0 0 0 0 0 4 0 0 0 3 0 0 0 0 3 0 1 1 9 8 8 7 2 4 7 9 9 -1 -1 -1 -1 5 2 -1 -1 0 0 0 0 0 0 0 0 0 0 0 0 0 0 0 0 0 0 0 0 0 0 0 0 0 0 0 0 0 0 0 0 0 1 9 0 0 0 -1 -1 -1 -1 -1 -1 0 3 8 8 0 0 0 -1 -1 -1 -1 -1 -1 0 1 7 2 0 0 0 -1 -1 -1 -1 -1 -1 0 3 2 1 0 0 0 2 6 5 0 0 8 6 0 0 0 8 3 0 0 0 0 0 0 0 0 0 
.
6 4 ; .
1 2 2 2 4 4 2 4 3 1 2 2 3 2 
.
0 1 -4
.
1 2 0
.
2 3 2
.
3 4 0
.
4 5 0
.
5 6 0
.
6 7 0
.
7 8 0
.
8 9 2
.
9 10 -2
.
10 11 0
.
11 12 -2
.
12 13 0
.
13 14 2
.
14 15 -2
.
15 0 4
.
.
1 2 0 0 3 0 0 0 0 3 0 0 0 0 0 0 0 0 0 0 0 4 0 0 0 0 0 0 0 0 0 0 0 0 0 2 0 2 2 0 0 0 0 0 0 2 2 2 0 5 0 0 0 0 5 0 2 2 2 0 0 0 0 0 0 0 2 2 2 0 0 0 0 0 4 0 0 0 2 0 0 0 0 0 0 0 0 0 0 0 4 0 0 0 3 0 0 0 0 3 0 1 1 9 8 8 7 2 4 7 9 9 -1 -1 -1 -1 5 2 -1 -1 0 0 0 0 0 0 0 0 0 0 0 0 0 0 0 0 0 0 0 0 0 0 0 0 0 0 0 0 0 0 0 0 0 1 9 0 0 0 -1 -1 -1 -1 -1 -1 0 3 8 8 0 0 0 -1 -1 -1 -1 -1 -1 0 1 7 2 0 0 0 -1 -1 -1 -1 -1 -1 0 3 2 1 0 0 0 2 6 5 0 0 8 6 0 0 0 8 3 0 0 0 0 0 0 0 0 0 
.
6 5 ; .
1 2 2 2 4 4 4 4 3 1 2 2 3 2 
.
0 1 -4
.
1 2 0
.
2 3 2
.
3 4 0
.
4 5 0
.
5 6 0
.
6 7 0
.
7 8 2
.
8 9 0
.
9 10 -2
.
10 11 0
.
11 12 -2
.
12 13 0
.
13 14 2
.
14 15 -2
.
15 0 4
.
.
1 2 0 0 3 0 0 0 0 3 0 0 0 0 0 0 0 0 0 0 0 4 0 0 0 0 0 0 0 0 0 0 0 0 0 2 0 2 2 0 0 0 0 0 0 2 2 2 0 5 0 0 0 0 5 0 2 2 2 0 0 0 0 0 0 0 2 2 2 0 0 0 0 0 4 0 0 0 2 0 0 0 0 0 0 0 0 0 0 0 4 0 0 0 3 0 0 0 0 3 0 1 1 9 8 8 7 2 4 7 9 9 -1 -1 -1 -1 5 2 -1 -1 0 0 0 0 0 0 0 0 0 0 0 0 0 0 0 0 0 0 0 0 0 0 0 0 0 0 0 0 0 0 0 0 0 1 9 0 0 0 -1 -1 -1 -1 -1 -1 0 3 8 8 0 0 0 -1 -1 -1 -1 -1 -1 0 1 7 2 0 0 0 -1 -1 -1 -1 -1 -1 0 3 2 1 0 0 0 2 6 5 0 0 8 6 0 0 0 8 3 0 0 0 0 0 0 0 0 0 
.
6 0 ; .
1 2 2 2 4 1 4 4 3 1 2 2 3 2 
.
0 1 -4
.
1 2 0
.
2 3 2
.
3 4 0
.
4 5 0
.
5 6 0
.
6 7 0
.
7 8 2
.
8 9 0
.
9 10 -2
.
10 11 0
.
11 12 -2
.
12 13 0
.
13 14 2
.
14 15 -2
.
15 0 4
.
.
1 2 0 0 3 0 0 0 0 3 0 0 0 0 0 0 0 0 0 0 0 4 0 0 0 0 0 0 0 0 0 0 0 0 0 2 0 2 2 0 0 0 0 0 0 2 2 2 0 5 0 0 0 0 5 0 2 2 2 0 0 0 0 0 0 0 2 2 2 0 0 0 0 0 4 0 0 0 2 0 0 0 0 0 0 0 0 0 0 0 4 0 0 0 3 0 0 0 0 3 0 1 1 9 8 8 7 2 4 7 9 9 -1 -1 -1 -1 5 2 -1 -1 0 0 0 0 0 0 0 0 0 0 0 0 0 0 0 0 0 0 0 0 0 0 0 0 0 0 0 0 0 0 0 0 0 1 9 0 0 0 -1 -1 -1 -1 -1 -1 0 3 8 8 0 0 0 -1 -1 -1 -1 -1 -1 0 1 7 2 0 0 0 -1 -1 -1 -1 -1 -1 0 3 2 1 0 0 0 3 6 5 0 0 8 6 0 0 0 8 3 0 0 0 0 0 0 0 0 0 
.
5 4 ; .
1 2 2 2 4 2 4 4 3 1 2 2 3 2 
.
0 1 -4
.
1 2 0
.
2 3 2
.
3 4 0
.
4 5 0
.
5 6 0
.
6 7 0
.
7 8 2
.
8 9 0
.
9 10 -2
.
10 11 0
.
11 12 -2
.
12 13 0
.
13 14 2
.
14 15 -2
.
15 0 4
.
.
1 2 0 0 3 0 0 0 0 3 0 0 0 0 0 0 0 0 0 0 0 4 0 0 0 0 0 0 0 0 0 0 0 0 0 2 0 2 2 0 0 0 0 0 0 2 2 2 0 5 0 0 0 0 5 0 2 2 2 0 0 0 0 0 0 0 2 2 2 0 0 0 0 0 4 0 0 0 2 0 0 0 0 0 0 0 0 0 0 0 4 0 0 0 3 0 0 0 0 3 0 1 1 9 8 8 7 2 4 7 9 9 -1 -1 -1 -1 5 2 -1 -1 0 0 0 0 0 0 0 0 0 0 0 0 0 0 0 0 0 0 0 0 0 0 0 0 0 0 0 0 0 0 0 0 0 1 9 0 0 0 -1 -1 -1 -1 -1 -1 0 3 8 8 0 0 0 -1 -1 -1 -1 -1 -1 0 1 7 2 0 0 0 -1 -1 -1 -1 -1 -1 0 3 2 1 0 0 0 3 6 0 0 0 8 6 0 0 0 8 3 0 0 0 0 0 0 0 0 0 
.
5 5 ; .
1 2 2 2 4 4 4 4 3 1 2 2 3 2 
.
0 1 -4
.
1 2 0
.
2 3 2
.
3 4 0
.
4 5 0
.
5 6 0
.
6 7 2
.
7 8 0
.
8 9 0
.
9 10 -2
.
10 11 0
.
11 12 -2
.
12 13 0
.
13 14 2
.
14 15 -2
.
15 0 4
.
.
1 2 0 0 3 0 0 0 0 3 0 0 0 0 0 0 0 0 0 0 0 4 0 0 0 0 0 0 0 0 0 0 0 0 0 2 0 2 2 0 0 0 0 0 0 2 2 2 0 5 0 0 0 0 5 0 2 2 2 0 0 0 0 0 0 0 2 2 2 0 0 0 0 0 4 0 0 0 2 0 0 0 0 0 0 0 0 0 0 0 4 0 0 0 3 0 0 0 0 3 0 1 1 9 8 8 7 2 4 7 9 9 -1 -1 -1 -1 5 2 -1 -1 0 0 0 0 0 0 0 0 0 0 0 0 0 0 0 0 0 0 0 0 0 0 0 0 0 0 0 0 0 0 0 0 0 1 9 0 0 0 -1 -1 -1 -1 -1 -1 0 3 8 8 0 0 0 -1 -1 -1 -1 -1 -1 0 1 7 2 0 0 0 -1 -1 -1 -1 -1 -1 0 3 2 1 0 0 0 3 6 0 0 0 8 6 0 0 0 8 3 0 0 0 0 0 0 0 0 0 
.
5 0 ; .
1 2 2 2 1 4 4 4 3 1 2 2 3 2 
.
0 1 -4
.
1 2 0
.
2 3 2
.
3 4 0
.
4 5 0
.
5 6 0
.
6 7 2
.
7 8 0
.
8 9 0
.
9 10 -2
.
10 11 0
.
11 12 -2
.
12 13 0
.
13 14 2
.
14 15 -2
.
15 0 4
.
.
1 2 0 0 3 0 0 0 0 3 0 0 0 0 0 0 0 0 0 0 0 4 0 0 0 0 0 0 0 0 0 0 0 0 0 2 0 2 2 0 0 0 0 0 0 2 2 2 0 5 0 0 0 0 5 0 2 2 2 0 0 0 0 0 0 0 2 2 2 0 0 0 0 0 4 0 0 0 2 0 0 0 0 0 0 0 0 0 0 0 4 0 0 0 3 0 0 0 0 3 0 1 1 9 8 8 7 2 4 7 9 9 -1 -1 -1 -1 5 2 -1 -1 0 0 0 0 0 0 0 0 0 0 0 0 0 0 0 0 0 0 0 0 0 0 0 0 0 0 0 0 0 0 0 0 0 1 9 0 0 0 -1 -1 -1 -1 -1 -1 0 3 8 8 0 0 0 -1 -1 -1 -1 -1 -1 0 1 7 2 0 0 0 -1 -1 -1 -1 -1 -1 0 3 3 1 0 0 0 3 6 0 0 0 8 6 0 0 0 8 3 0 0 0 0 0 0 0 0 0 
.
4 4 ; .
1 2 2 2 2 4 4 4 3 1 2 2 3 2 
.
0 1 -4
.
1 2 0
.
2 3 2
.
3 4 0
.
4 5 0
.
5 6 0
.
6 7 2
.
7 8 0
.
8 9 0
.
9 10 -2
.
10 11 0
.
11 12 -2
.
12 13 0
.
13 14 2
.
14 15 -2
.
15 0 4
.
.
1 2 0 0 3 0 0 0 0 3 0 0 0 0 0 0 0 0 0 0 0 4 0 0 0 0 0 0 0 0 0 0 0 0 0 2 0 2 2 0 0 0 0 0 0 2 2 2 0 5 0 0 0 0 5 0 2 2 2 0 0 0 0 0 0 0 2 2 2 0 0 0 0 0 4 0 0 0 2 0 0 0 0 0 0 0 0 0 0 0 4 0 0 0 3 0 0 0 0 3 0 1 1 9 8 8 7 2 4 7 9 9 -1 -1 -1 -1 5 2 -1 -1 0 0 0 0 0 0 0 0 0 0 0 0 0 0 0 0 0 0 0 0 0 0 0 0 0 0 0 0 0 0 0 0 0 1 9 0 0 0 -1 -1 -1 -1 -1 -1 0 3 8 8 0 0 0 -1 -1 -1 -1 -1 -1 0 1 7 2 0 0 0 -1 -1 -1 -1 -1 -1 0 3 3 1 0 0 0 3 6 0 0 0 8 6 0 0 0 8 3 0 0 0 0 0 0 0 0 0 
.
4 5 ; .
1 2 2 2 4 4 4 4 3 1 2 2 3 2 
.
0 1 -4
.
1 2 0
.
2 3 2
.
3 4 0
.
4 5 0
.
5 6 2
.
6 7 0
.
7 8 0
.
8 9 0
.
9 10 -2
.
10 11 0
.
11 12 -2
.
12 13 0
.
13 14 2
.
14 15 -2
.
15 0 4
.
.
1 2 0 0 3 0 0 0 0 3 0 0 0 0 0 0 0 0 0 0 0 4 0 0 0 0 0 0 0 0 0 0 0 0 0 2 0 2 2 0 0 0 0 0 0 2 2 2 0 5 0 0 0 0 5 0 2 2 2 0 0 0 0 0 0 0 2 2 2 0 0 0 0 0 4 0 0 0 2 0 0 0 0 0 0 0 0 0 0 0 4 0 0 0 3 0 0 0 0 3 0 1 1 9 8 8 7 2 4 7 9 9 -1 -1 -1 -1 5 2 -1 -1 0 0 0 0 0 0 0 0 0 0 0 0 0 0 0 0 0 0 0 0 0 0 0 0 0 0 0 0 0 0 0 0 0 1 9 0 0 0 -1 -1 -1 -1 -1 -1 0 3 8 8 0 0 0 -1 -1 -1 -1 -1 -1 0 1 7 2 0 0 0 -1 -1 -1 -1 -1 -1 0 3 3 1 0 0 0 3 6 0 0 0 8 6 0 0 0 8 3 0 0 0 0 0 0 0 0 0 
.
4 0 ; .
1 2 2 1 4 4 4 4 3 1 2 2 3 2 
.
0 1 -4
.
1 2 0
.
2 3 2
.
3 4 0
.
4 5 0
.
5 6 2
.
6 7 0
.
7 8 0
.
8 9 0
.
9 10 -2
.
10 11 0
.
11 12 -2
.
12 13 0
.
13 14 2
.
14 15 -2
.
15 0 4
.
.
1 2 0 0 3 0 0 0 0 3 0 0 0 0 0 0 0 0 0 0 0 4 0 0 0 0 0 0 0 0 0 0 0 0 0 2 0 2 2 0 0 0 0 0 0 2 2 2 0 5 0 0 0 0 5 0 2 2 2 0 0 0 0 0 0 0 2 2 2 0 0 0 0 0 0 4 0 0 2 0 0 0 0 0 0 0 0 0 0 0 4 0 0 0 3 0 0 0 0 3 0 1 1 9 8 8 7 3 4 7 9 9 -1 -1 -1 -1 5 2 -1 -1 0 0 0 0 0 0 0 0 0 0 0 0 0 0 0 0 0 0 0 0 0 0 0 0 0 0 0 0 0 0 0 0 0 1 9 0 0 0 -1 -1 -1 -1 -1 -1 0 3 8 8 0 0 0 -1 -1 -1 -1 -1 -1 0 1 7 3 0 0 0 -1 -1 -1 -1 -1 -1 0 3 3 1 0 0 0 3 6 0 0 0 8 6 0 0 0 8 3 0 0 0 0 0 0 0 0 0 
.
3 12 ; .
1 2 2 4 4 4 4 4 3 1 2 2 3 2 
.
0 1 -4
.
1 2 0
.
2 3 2
.
3 4 0
.
4 5 0
.
5 6 2
.
6 7 0
.
7 8 0
.
8 9 0
.
9 10 -2
.
10 11 0
.
11 12 -2
.
12 13 0
.
13 14 2
.
14 15 -2
.
15 0 4
.
.
1 2 0 0 3 0 0 0 0 3 0 0 0 0 0 0 0 0 0 0 0 4 0 0 0 0 0 0 0 0 0 0 0 0 0 2 0 2 2 0 0 0 0 0 0 2 2 2 0 5 0 0 0 0 5 0 2 2 2 0 0 0 0 0 0 0 2 2 2 0 0 0 0 0 0 4 0 0 2 0 0 0 0 0 0 0 0 0 0 0 4 0 0 0 3 0 0 0 0 3 0 1 1 9 8 8 7 3 4 7 9 9 -1 -1 -1 -1 5 2 -1 -1 0 0 0 0 0 0 0 0 0 0 0 0 0 0 0 0 0 0 0 0 0 0 0 0 0 0 0 0 0 0 0 0 0 1 9 0 0 0 -1 -1 -1 -1 -1 -1 0 3 8 8 0 0 0 -1 -1 -1 -1 -1 -1 0 1 7 3 0 0 0 -1 -1 -1 -1 -1 -1 0 3 3 1 0 0 0 3 6 0 0 0 8 6 0 0 0 8 3 0 0 0 0 0 0 0 0 0 
.
3 15 ; .
1 2 2 2 4 4 4 4 3 1 2 2 3 2 
.
0 1 -4
.
1 2 0
.
2 3 2
.
3 4 0
.
4 5 2
.
5 6 0
.
6 7 0
.
7 8 0
.
8 9 0
.
9 10 -2
.
10 11 0
.
11 12 -2
.
12 13 0
.
13 14 2
.
14 15 -2
.
15 0 4
.
.
1 2 0 0 3 0 0 0 0 3 0 0 0 0 0 0 0 0 0 0 0 4 0 0 0 0 0 0 0 0 0 0 0 0 0 2 0 2 2 0 0 0 0 0 0 2 2 2 0 5 0 0 0 0 5 0 2 2 2 0 0 0 0 0 0 0 2 2 2 0 0 0 0 0 0 4 0 0 2 0 0 0 0 0 0 0 0 0 0 0 4 0 0 0 3 0 0 0 0 3 0 1 1 9 8 8 7 3 4 7 9 9 -1 -1 -1 -1 5 2 -1 -1 0 0 0 0 0 0 0 0 0 0 0 0 0 0 0 0 0 0 0 0 0 0 0 0 0 0 0 0 0 0 0 0 0 1 9 0 0 0 -1 -1 -1 -1 -1 -1 0 3 8 8 0 0 0 -1 -1 -1 -1 -1 -1 0 1 7 3 0 0 0 -1 -1 -1 -1 -1 -1 0 3 3 1 0 0 0 3 6 0 0 0 8 6 0 0 0 8 3 0 0 0 0 0 0 0 0 0 
.
3 8 ; .
1 2 1 2 4 4 4 4 3 1 2 2 3 2 
.
0 1 -4
.
1 2 0
.
2 3 2
.
3 4 0
.
4 5 2
.
5 6 0
.
6 7 0
.
7 8 0
.
8 9 0
.
9 10 -2
.
10 11 0
.
11 12 -2
.
12 13 0
.
13 14 2
.
14 15 -2
.
15 0 4
.
.
1 2 0 0 3 0 0 0 0 3 0 0 0 0 0 0 0 0 0 0 0 4 0 0 0 0 0 0 0 0 0 0 0 0 0 2 0 2 2 0 0 0 0 0 0 2 2 2 0 5 0 0 0 0 5 0 2 2 2 0 0 0 0 0 0 0 2 2 2 0 0 0 0 0 0 4 0 0 2 0 0 0 0 0 0 0 0 0 0 0 0 0 0 0 3 0 0 0 0 3 4 1 1 9 9 8 7 3 4 7 9 9 -1 -1 -1 -1 5 2 -1 -1 0 0 0 0 0 0 0 0 0 0 0 0 0 0 0 0 0 0 0 0 0 0 0 0 0 0 0 0 0 0 0 0 0 1 9 0 0 0 -1 -1 -1 -1 -1 -1 0 3 9 8 0 0 0 -1 -1 -1 -1 -1 -1 0 1 7 3 0 0 0 -1 -1 -1 -1 -1 -1 0 3 3 1 0 0 0 3 6 0 0 0 8 6 0 0 0 8 3 0 0 0 0 0 0 0 0 0 
.
2 10 ; .
1 2 4 2 4 4 4 4 3 1 2 2 3 2 
.
0 1 -4
.
1 2 0
.
2 3 2
.
3 4 0
.
4 5 2
.
5 6 0
.
6 7 0
.
7 8 0
.
8 9 0
.
9 10 -2
.
10 11 0
.
11 12 -2
.
12 13 0
.
13 14 2
.
14 15 -2
.
15 0 4
.
.
1 2 0 0 3 0 0 0 0 3 0 0 0 0 0 0 0 0 0 0 0 4 0 0 0 0 0 0 0 0 0 0 0 0 0 2 0 2 2 0 0 0 0 0 0 2 2 2 0 5 0 0 0 0 5 0 2 2 2 0 0 0 0 0 0 0 2 2 2 0 0 0 0 0 0 4 0 0 2 0 0 0 0 0 0 0 0 0 0 0 0 0 0 0 3 0 0 0 0 3 4 1 1 9 9 8 7 3 4 7 9 9 -1 -1 -1 -1 5 2 -1 -1 0 0 0 0 0 0 0 0 0 0 0 0 0 0 0 0 0 0 0 0 0 0 0 0 0 0 0 0 0 0 0 0 0 1 9 0 0 0 -1 -1 -1 -1 -1 -1 0 3 9 8 0 0 0 -1 -1 -1 -1 -1 -1 0 1 7 3 0 0 0 -1 -1 -1 -1 -1 -1 0 3 3 1 0 0 0 3 6 0 0 0 8 6 0 0 0 8 3 0 0 0 0 0 0 0 0 0 
.
2 15 ; .
1 2 2 2 4 4 4 4 3 1 2 2 3 2 
.
0 1 -4
.
1 2 0
.
2 3 2
.
3 4 2
.
4 5 0
.
5 6 0
.
6 7 0
.
7 8 0
.
8 9 0
.
9 10 -2
.
10 11 0
.
11 12 -2
.
12 13 0
.
13 14 2
.
14 15 -2
.
15 0 4
.
.
1 2 0 0 3 0 0 0 0 3 0 0 0 0 0 0 0 0 0 0 0 4 0 0 0 0 0 0 0 0 0 0 0 0 0 2 0 2 2 0 0 0 0 0 0 2 2 2 0 5 0 0 0 0 5 0 2 2 2 0 0 0 0 0 0 0 2 2 2 0 0 0 0 0 0 4 0 0 2 0 0 0 0 0 0 0 0 0 0 0 0 0 0 0 3 0 0 0 0 3 4 1 1 9 9 8 7 3 4 7 9 9 -1 -1 -1 -1 5 2 -1 -1 0 0 0 0 0 0 0 0 0 0 0 0 0 0 0 0 0 0 0 0 0 0 0 0 0 0 0 0 0 0 0 0 0 1 9 0 0 0 -1 -1 -1 -1 -1 -1 0 3 9 8 0 0 0 -1 -1 -1 -1 -1 -1 0 1 7 3 0 0 0 -1 -1 -1 -1 -1 -1 0 3 3 1 0 0 0 3 6 0 0 0 8 6 0 0 0 8 3 0 0 0 0 0 0 0 0 0 
.
2 8 ; .
1 2 2 2 4 4 4 4 3 6 2 2 3 2 
.
0 1 -4
.
1 2 0
.
2 3 2
.
3 4 2
.
4 5 0
.
5 6 0
.
6 7 0
.
7 8 0
.
8 9 0
.
9 10 -2
.
10 11 0
.
11 12 -2
.
12 13 0
.
13 14 2
.
14 15 -2
.
15 0 4
.
.
1 2 0 0 3 0 0 0 0 3 0 0 0 0 0 0 0 0 0 0 0 4 0 0 0 0 0 0 0 0 0 0 0 0 0 2 0 2 2 0 0 0 0 0 0 2 2 2 0 5 0 0 0 0 5 0 2 2 2 0 0 0 0 0 0 0 2 2 2 0 0 0 0 0 0 4 0 0 2 0 0 0 0 0 0 0 0 0 0 0 0 0 0 0 3 0 0 0 0 3 4 1 1 9 9 8 7 3 4 7 9 9 -1 -1 -1 -1 5 2 -1 -1 0 0 0 0 0 0 0 0 0 0 0 0 0 0 0 0 0 0 0 0 0 0 0 0 0 0 0 0 0 0 0 0 0 1 9 0 0 0 -1 -1 -1 -1 -1 -1 0 3 9 8 0 0 0 -1 -1 -1 -1 -1 -1 0 1 7 3 0 0 0 -1 -1 -1 -1 -1 -1 0 3 3 1 0 0 0 3 6 0 0 0 8 6 0 0 0 8 3 0 0 0 0 0 0 0 0 0 
.
9 0 ; .
1 2 2 2 4 4 4 4 3 1 2 2 3 2 
.
0 1 -4
.
1 2 0
.
2 3 2
.
3 4 2
.
4 5 0
.
5 6 0
.
6 7 0
.
7 8 0
.
8 9 0
.
9 10 -2
.
10 11 2
.
11 12 -4
.
12 13 0
.
13 14 2
.
14 15 -2
.
15 0 4
.
.
1 2 0 0 3 0 0 0 0 3 0 0 0 0 0 0 0 0 0 0 0 4 0 0 0 0 0 0 0 0 0 0 0 0 0 2 0 2 2 0 0 0 0 0 0 2 2 2 0 5 0 0 0 0 5 0 2 2 2 0 0 0 0 0 0 0 2 2 2 0 0 0 0 0 0 4 0 0 2 0 0 0 0 0 0 0 0 0 0 0 0 0 0 0 3 0 0 0 0 3 4 1 1 9 9 8 7 3 4 7 9 9 -1 -1 -1 -1 5 2 -1 -1 0 0 0 0 0 0 0 0 0 0 0 0 0 0 0 0 0 0 0 0 0 0 0 0 0 0 0 0 0 0 0 0 0 1 9 0 0 0 -1 -1 -1 -1 -1 -1 0 3 9 8 0 0 0 -1 -1 -1 -1 -1 -1 0 1 7 3 0 0 0 -1 -1 -1 -1 -1 -1 0 3 3 1 0 0 0 3 6 0 0 0 8 6 0 0 0 8 3 0 0 0 0 0 0 0 0 0 
.
9 4 ; .
1 1 2 2 4 4 4 4 3 1 2 2 3 2 
.
0 1 -4
.
1 2 0
.
2 3 2
.
3 4 2
.
4 5 0
.
5 6 0
.
6 7 0
.
7 8 0
.
8 9 0
.
9 10 -2
.
10 11 2
.
11 12 -4
.
12 13 0
.
13 14 2
.
14 15 -2
.
15 0 4
.
.
1 2 0 0 3 0 0 0 0 3 0 0 0 0 0 0 0 0 0 0 0 0 0 0 0 0 0 0 0 0 0 4 0 0 0 2 0 2 2 0 0 0 0 0 0 2 2 2 0 5 0 0 0 0 5 0 2 2 2 0 0 0 0 0 0 0 2 2 2 0 0 0 0 0 0 4 0 0 2 0 0 0 0 0 0 0 0 0 0 0 0 0 0 0 3 0 0 0 0 3 4 1 2 9 9 8 7 3 4 7 9 9 -1 -1 -1 -1 5 2 -1 -1 0 0 0 0 0 0 0 0 0 0 0 0 0 0 0 0 0 0 0 0 0 0 0 0 0 0 0 0 0 0 0 0 0 2 9 0 0 0 -1 -1 -1 -1 -1 -1 0 1 9 8 0 0 0 -1 -1 -1 -1 -1 -1 0 1 7 3 0 0 0 -1 -1 -1 -1 -1 -1 0 3 3 1 0 0 0 3 6 0 0 0 8 6 0 0 0 8 3 0 0 0 0 0 0 0 0 0 
.
1 10 ; .
1 4 2 2 4 4 4 4 3 1 2 2 3 2 
.
0 1 -4
.
1 2 0
.
2 3 2
.
3 4 2
.
4 5 0
.
5 6 0
.
6 7 0
.
7 8 0
.
8 9 0
.
9 10 -2
.
10 11 2
.
11 12 -4
.
12 13 0
.
13 14 2
.
14 15 -2
.
15 0 4
.
.
1 2 0 0 3 0 0 0 0 3 0 0 0 0 0 0 0 0 0 0 0 0 0 0 0 0 0 0 0 0 0 4 0 0 0 2 0 2 2 0 0 0 0 0 0 2 2 2 0 5 0 0 0 0 5 0 2 2 2 0 0 0 0 0 0 0 2 2 2 0 0 0 0 0 0 4 0 0 2 0 0 0 0 0 0 0 0 0 0 0 0 0 0 0 3 0 0 0 0 3 4 1 2 9 9 8 7 3 4 7 9 9 -1 -1 -1 -1 5 2 -1 -1 0 0 0 0 0 0 0 0 0 0 0 0 0 0 0 0 0 0 0 0 0 0 0 0 0 0 0 0 0 0 0 0 0 2 9 0 0 0 -1 -1 -1 -1 -1 -1 0 1 9 8 0 0 0 -1 -1 -1 -1 -1 -1 0 1 7 3 0 0 0 -1 -1 -1 -1 -1 -1 0 3 3 1 0 0 0 3 6 0 0 0 8 6 0 0 0 8 3 0 0 0 0 0 0 0 0 0 
.
1 15 ; .
1 2 2 2 4 4 4 4 3 1 2 2 3 2 
.
0 1 -4
.
1 0 6
.
1 2 0
.
2 3 4
.
3 4 0
.
4 5 0
.
5 6 0
.
6 7 0
.
7 8 0
.
8 9 0
.
9 10 -2
.
10 11 2
.
11 12 -4
.
12 13 0
.
13 14 2
.
14 15 -2
.
15 1 0
.
.
1 2 0 0 3 0 0 0 0 3 0 0 0 0 0 0 0 0 0 0 0 0 0 0 0 0 0 0 0 0 0 4 0 0 0 2 0 2 2 0 0 0 0 0 0 2 2 2 0 5 0 0 0 0 5 0 2 2 2 0 0 0 0 0 0 0 2 2 2 0 0 0 0 0 0 4 0 0 2 0 0 0 0 0 0 0 0 0 0 0 0 0 0 0 3 0 0 0 0 3 4 1 2 9 9 8 7 3 4 7 9 9 -1 -1 -1 -1 5 2 -1 -1 0 0 0 0 0 0 0 0 0 0 0 0 0 0 0 0 0 0 0 0 0 0 0 0 0 0 0 0 0 0 0 0 0 2 9 0 0 0 -1 -1 -1 -1 -1 -1 0 1 9 8 0 0 0 -1 -1 -1 -1 -1 -1 0 1 7 3 0 0 0 -1 -1 -1 -1 -1 -1 0 3 3 1 0 0 0 3 6 0 0 0 8 6 0 0 0 8 3 0 0 0 0 0 0 0 0 0 
.
1 8 ; .
1 2 2 2 4 4 4 4 3 6 2 2 3 2 
.
0 1 -6
.
1 2 0
.
2 3 4
.
3 4 0
.
4 5 0
.
5 6 0
.
6 7 0
.
7 8 0
.
8 9 0
.
9 10 -2
.
10 11 2
.
11 12 -4
.
12 13 0
.
13 14 2
.
14 15 -2
.
15 0 6
.
.
1 2 0 0 3 0 0 0 0 3 0 0 0 0 0 0 0 0 0 0 0 0 0 0 0 0 0 0 0 0 0 4 0 0 0 2 0 2 2 0 0 0 0 0 0 2 2 2 0 5 0 0 0 0 5 0 2 2 2 0 0 0 0 0 0 0 2 2 2 0 0 0 0 0 0 4 0 0 2 0 0 0 0 0 0 0 0 0 0 0 0 0 0 0 3 0 0 0 0 3 4 1 2 9 9 8 7 3 4 7 9 9 -1 -1 -1 -1 5 2 -1 -1 0 0 0 0 0 0 0 0 0 0 0 0 0 0 0 0 0 0 0 0 0 0 0 0 0 0 0 0 0 0 0 0 0 2 9 0 0 0 -1 -1 -1 -1 -1 -1 0 1 9 8 0 0 0 -1 -1 -1 -1 -1 -1 0 1 7 3 0 0 0 -1 -1 -1 -1 -1 -1 0 3 3 1 0 0 0 3 6 0 0 0 8 6 0 0 0 8 3 0 0 0 0 0 0 0 0 0 
.
9 0 ; .
1 2 2 2 4 4 4 4 3 1 2 2 3 2 
.
0 1 -6
.
1 2 0
.
2 3 4
.
3 4 0
.
4 5 0
.
5 6 0
.
6 7 0
.
7 8 0
.
8 9 0
.
9 10 -2
.
10 11 4
.
11 12 -6
.
12 13 0
.
13 14 2
.
14 15 -2
.
15 0 6
.
.
1 2 0 0 3 0 0 0 0 3 0 0 0 0 0 0 0 0 0 0 0 0 0 0 0 0 0 0 0 0 0 4 0 0 0 2 0 2 2 0 0 0 0 0 0 2 2 2 0 5 0 0 0 0 5 0 2 2 2 0 0 0 0 0 0 0 2 2 2 0 0 0 0 0 0 4 0 0 2 0 0 0 0 0 0 0 0 0 0 0 0 0 0 0 3 0 0 0 0 3 4 1 2 9 9 8 7 3 4 7 9 9 -1 -1 -1 -1 5 2 -1 -1 0 0 0 0 0 0 0 0 0 0 0 0 0 0 0 0 0 0 0 0 0 0 0 0 0 0 0 0 0 0 0 0 0 2 9 0 0 0 -1 -1 -1 -1 -1 -1 0 1 9 8 0 0 0 -1 -1 -1 -1 -1 -1 0 1 7 3 0 0 0 -1 -1 -1 -1 -1 -1 0 3 3 1 0 0 0 3 6 0 0 0 8 6 0 0 0 8 3 0 0 0 0 0 0 0 0 0 
.
9 4 ; .
1 2 2 2 4 4 4 1 3 1 2 2 3 2 
.
0 1 -6
.
1 2 0
.
2 3 4
.
3 4 0
.
4 5 0
.
5 6 0
.
6 7 0
.
7 8 0
.
8 9 0
.
9 10 -2
.
10 11 4
.
11 12 -6
.
12 13 0
.
13 14 2
.
14 15 -2
.
15 0 6
.
.
1 2 0 0 3 0 0 0 0 3 0 0 0 0 0 0 0 0 0 0 0 0 0 0 0 0 0 0 0 0 0 4 0 0 0 2 0 2 2 0 0 0 0 0 0 2 2 2 0 5 0 0 0 0 5 0 2 2 2 0 0 0 0 0 0 0 2 2 2 0 0 0 0 0 0 4 0 0 2 0 0 0 0 0 0 0 0 0 0 0 0 0 0 0 3 0 0 0 0 3 4 1 2 9 9 8 7 3 4 7 9 9 -1 -1 -1 -1 5 2 -1 -1 0 0 0 0 0 0 0 0 0 0 0 0 0 0 0 0 0 0 0 0 0 0 0 0 0 0 0 0 0 0 0 0 0 2 9 0 0 0 -1 -1 -1 -1 -1 -1 0 1 9 8 0 0 0 -1 -1 -1 -1 -1 -1 0 1 7 3 0 0 0 -1 -1 -1 -1 -1 -1 0 3 3 1 0 0 0 3 6 0 0 0 8 6 0 0 0 8 2 0 0 0 0 0 0 0 0 0 
.
7 4 ; .
1 2 2 2 4 4 4 2 3 1 2 2 3 2 
.
0 1 -6
.
1 2 0
.
2 3 4
.
3 4 0
.
4 5 0
.
5 6 0
.
6 7 0
.
7 8 0
.
8 9 0
.
9 10 -2
.
10 11 4
.
11 12 -6
.
12 13 0
.
13 14 2
.
14 15 -2
.
15 0 6
.
.
1 2 0 0 3 0 0 0 0 3 0 0 0 0 0 0 0 0 0 0 0 0 0 0 0 0 0 0 0 0 0 4 0 0 0 2 0 2 2 0 0 0 0 0 0 2 2 2 0 5 0 0 0 0 5 0 2 2 2 0 0 0 0 0 0 0 2 2 2 0 0 0 0 0 0 4 0 0 2 0 0 0 0 0 0 0 0 0 0 0 0 0 0 0 3 0 0 0 0 3 4 1 2 9 9 8 7 3 4 7 9 9 -1 -1 -1 -1 5 2 -1 -1 0 0 0 0 0 0 0 0 0 0 0 0 0 0 0 0 0 0 0 0 0 0 0 0 0 0 0 0 0 0 0 0 0 2 9 0 0 0 -1 -1 -1 -1 -1 -1 0 1 9 8 0 0 0 -1 -1 -1 -1 -1 -1 0 1 7 3 0 0 0 -1 -1 -1 -1 -1 -1 0 3 3 1 0 0 0 3 6 0 0 0 8 6 0 0 0 8 2 0 0 0 0 0 0 0 0 0 
.
7 5 ; .
1 2 2 2 4 4 4 4 3 1 2 2 3 2 
.
0 1 -6
.
1 2 0
.
2 3 4
.
3 4 0
.
4 5 0
.
5 6 0
.
6 7 0
.
7 8 0
.
8 9 2
.
9 10 -4
.
10 11 4
.
11 12 -6
.
12 13 0
.
13 14 2
.
14 15 -2
.
15 0 6
.
.
1 2 0 0 3 0 0 0 0 3 0 0 0 0 0 0 0 0 0 0 0 0 0 0 0 0 0 0 0 0 0 4 0 0 0 2 0 2 2 0 0 0 0 0 0 2 2 2 0 5 0 0 0 0 5 0 2 2 2 0 0 0 0 0 0 0 2 2 2 0 0 0 0 0 0 4 0 0 2 0 0 0 0 0 0 0 0 0 0 0 0 0 0 0 3 0 0 0 0 3 4 1 2 9 9 8 7 3 4 7 9 9 -1 -1 -1 -1 5 2 -1 -1 0 0 0 0 0 0 0 0 0 0 0 0 0 0 0 0 0 0 0 0 0 0 0 0 0 0 0 0 0 0 0 0 0 2 9 0 0 0 -1 -1 -1 -1 -1 -1 0 1 9 8 0 0 0 -1 -1 -1 -1 -1 -1 0 1 7 3 0 0 0 -1 -1 -1 -1 -1 -1 0 3 3 1 0 0 0 3 6 0 0 0 8 6 0 0 0 8 2 0 0 0 0 0 0 0 0 0 
.
7 0 ; .
1 2 2 2 4 4 1 4 3 1 2 2 3 2 
.
0 1 -6
.
1 2 0
.
2 3 4
.
3 4 0
.
4 5 0
.
5 6 0
.
6 7 0
.
7 8 0
.
8 9 2
.
9 10 -4
.
10 11 4
.
11 12 -6
.
12 13 0
.
13 14 2
.
14 15 -2
.
15 0 6
.
.
1 2 0 0 3 0 0 0 0 3 0 0 0 0 0 0 0 0 0 0 0 0 0 0 0 0 0 0 0 0 0 4 0 0 0 2 0 2 2 0 0 0 0 0 0 2 2 2 0 5 0 0 0 0 5 0 2 2 2 0 0 0 0 0 0 0 2 2 2 0 0 0 0 0 0 4 0 0 2 0 0 0 0 0 0 0 0 0 0 0 0 0 0 0 3 0 0 0 0 3 4 1 2 9 9 8 7 3 4 7 9 9 -1 -1 -1 -1 5 2 -1 -1 0 0 0 0 0 0 0 0 0 0 0 0 0 0 0 0 0 0 0 0 0 0 0 0 0 0 0 0 0 0 0 0 0 2 9 0 0 0 -1 -1 -1 -1 -1 -1 0 1 9 8 0 0 0 -1 -1 -1 -1 -1 -1 0 1 7 3 0 0 0 -1 -1 -1 -1 -1 -1 0 3 3 1 0 0 0 3 6 0 0 0 8 7 0 0 0 8 2 0 0 0 0 0 0 0 0 0 
.
6 4 ; .
1 2 2 2 4 4 2 4 3 1 2 2 3 2 
.
0 1 -6
.
1 2 0
.
2 3 4
.
3 4 0
.
4 5 0
.
5 6 0
.
6 7 0
.
7 8 0
.
8 9 2
.
9 10 -4
.
10 11 4
.
11 12 -6
.
12 13 0
.
13 14 2
.
14 15 -2
.
15 0 6
.
.
1 2 0 0 3 0 0 0 0 3 0 0 0 0 0 0 0 0 0 0 0 0 0 0 0 0 0 0 0 0 0 4 0 0 0 2 0 2 2 0 0 0 0 0 0 2 2 2 0 5 0 0 0 0 5 0 2 2 2 0 0 0 0 0 0 0 2 2 2 0 0 0 0 0 0 4 0 0 2 0 0 0 0 0 0 0 0 0 0 0 0 0 0 0 3 0 0 0 0 3 4 1 2 9 9 8 7 3 4 7 9 9 -1 -1 -1 -1 5 2 -1 -1 0 0 0 0 0 0 0 0 0 0 0 0 0 0 0 0 0 0 0 0 0 0 0 0 0 0 0 0 0 0 0 0 0 2 9 0 0 0 -1 -1 -1 -1 -1 -1 0 1 9 8 0 0 0 -1 -1 -1 -1 -1 -1 0 1 7 3 0 0 0 -1 -1 -1 -1 -1 -1 0 3 3 1 0 0 0 3 6 0 0 0 8 7 0 0 0 8 2 0 0 0 0 0 0 0 0 0 
.
6 5 ; .
1 2 2 2 4 4 4 4 3 1 2 2 3 2 
.
0 1 -6
.
1 2 0
.
2 3 4
.
3 4 0
.
4 5 0
.
5 6 0
.
6 7 0
.
7 8 2
.
8 9 0
.
9 10 -4
.
10 11 4
.
11 12 -6
.
12 13 0
.
13 14 2
.
14 15 -2
.
15 0 6
.
.
1 2 0 0 3 0 0 0 0 3 0 0 0 0 0 0 0 0 0 0 0 0 0 0 0 0 0 0 0 0 0 4 0 0 0 2 0 2 2 0 0 0 0 0 0 2 2 2 0 5 0 0 0 0 5 0 2 2 2 0 0 0 0 0 0 0 2 2 2 0 0 0 0 0 0 4 0 0 2 0 0 0 0 0 0 0 0 0 0 0 0 0 0 0 3 0 0 0 0 3 4 1 2 9 9 8 7 3 4 7 9 9 -1 -1 -1 -1 5 2 -1 -1 0 0 0 0 0 0 0 0 0 0 0 0 0 0 0 0 0 0 0 0 0 0 0 0 0 0 0 0 0 0 0 0 0 2 9 0 0 0 -1 -1 -1 -1 -1 -1 0 1 9 8 0 0 0 -1 -1 -1 -1 -1 -1 0 1 7 3 0 0 0 -1 -1 -1 -1 -1 -1 0 3 3 1 0 0 0 3 6 0 0 0 8 7 0 0 0 8 2 0 0 0 0 0 0 0 0 0 
.
6 0 ; .
1 2 2 2 4 1 4 4 3 1 2 2 3 2 
.
0 1 -6
.
1 2 0
.
2 3 4
.
3 4 0
.
4 5 0
.
5 6 0
.
6 7 0
.
7 8 2
.
8 9 0
.
9 10 -4
.
10 11 4
.
11 12 -6
.
12 13 0
.
13 14 2
.
14 15 -2
.
15 0 6
.
.
1 2 0 0 3 0 0 0 0 3 0 0 0 0 0 0 0 0 0 0 0 0 0 0 0 0 0 0 0 0 0 4 0 0 0 2 0 2 2 0 0 0 0 0 0 2 2 2 0 5 0 0 0 0 5 0 2 2 2 0 0 0 0 0 0 0 2 2 2 0 0 0 0 0 0 4 0 0 2 0 0 0 0 0 0 0 0 0 0 0 0 0 0 0 3 0 0 0 0 3 4 1 2 9 9 8 7 3 4 7 9 9 -1 -1 -1 -1 5 2 -1 -1 0 0 0 0 0 0 0 0 0 0 0 0 0 0 0 0 0 0 0 0 0 0 0 0 0 0 0 0 0 0 0 0 0 2 9 0 0 0 -1 -1 -1 -1 -1 -1 0 1 9 8 0 0 0 -1 -1 -1 -1 -1 -1 0 1 7 3 0 0 0 -1 -1 -1 -1 -1 -1 0 3 3 1 0 0 0 3 7 0 0 0 8 7 0 0 0 8 2 0 0 0 0 0 0 0 0 0 
.
5 4 ; .
1 2 2 2 4 2 4 4 3 1 2 2 3 2 
.
0 1 -6
.
1 2 0
.
2 3 4
.
3 4 0
.
4 5 0
.
5 6 0
.
6 7 0
.
7 8 2
.
8 9 0
.
9 10 -4
.
10 11 4
.
11 12 -6
.
12 13 0
.
13 14 2
.
14 15 -2
.
15 0 6
.
.
1 2 0 0 3 0 0 0 0 3 0 0 0 0 0 0 0 0 0 0 0 0 0 0 0 0 0 0 0 0 0 4 0 0 0 2 0 2 2 0 0 0 0 0 0 2 2 2 0 5 0 0 0 0 5 0 2 2 2 0 0 0 0 0 0 0 2 2 2 0 0 0 0 0 0 4 0 0 2 0 0 0 0 0 0 0 0 0 0 0 0 0 0 0 3 0 0 0 0 3 4 1 2 9 9 8 7 3 4 7 9 9 -1 -1 -1 -1 5 2 -1 -1 0 0 0 0 0 0 0 0 0 0 0 0 0 0 0 0 0 0 0 0 0 0 0 0 0 0 0 0 0 0 0 0 0 2 9 0 0 0 -1 -1 -1 -1 -1 -1 0 1 9 8 0 0 0 -1 -1 -1 -1 -1 -1 0 1 7 3 0 0 0 -1 -1 -1 -1 -1 -1 0 3 3 1 0 0 0 3 7 0 0 0 8 7 0 0 0 8 2 0 0 0 0 0 0 0 0 0 
.
5 5 ; .
1 2 2 2 4 4 4 4 3 1 2 2 3 2 
.
0 1 -6
.
1 2 0
.
2 3 4
.
3 4 0
.
4 5 0
.
5 6 0
.
6 7 2
.
7 8 0
.
8 9 0
.
9 10 -4
.
10 11 4
.
11 12 -6
.
12 13 0
.
13 14 2
.
14 15 -2
.
15 0 6
.
.
1 2 0 0 3 0 0 0 0 3 0 0 0 0 0 0 0 0 0 0 0 0 0 0 0 0 0 0 0 0 0 4 0 0 0 2 0 2 2 0 0 0 0 0 0 2 2 2 0 5 0 0 0 0 5 0 2 2 2 0 0 0 0 0 0 0 2 2 2 0 0 0 0 0 0 4 0 0 2 0 0 0 0 0 0 0 0 0 0 0 0 0 0 0 3 0 0 0 0 3 4 1 2 9 9 8 7 3 4 7 9 9 -1 -1 -1 -1 5 2 -1 -1 0 0 0 0 0 0 0 0 0 0 0 0 0 0 0 0 0 0 0 0 0 0 0 0 0 0 0 0 0 0 0 0 0 2 9 0 0 0 -1 -1 -1 -1 -1 -1 0 1 9 8 0 0 0 -1 -1 -1 -1 -1 -1 0 1 7 3 0 0 0 -1 -1 -1 -1 -1 -1 0 3 3 1 0 0 0 3 7 0 0 0 8 7 0 0 0 8 2 0 0 0 0 0 0 0 0 0 
.
5 0 ; .
1 2 2 2 1 4 4 4 3 1 2 2 3 2 
.
0 1 -6
.
1 2 0
.
2 3 4
.
3 4 0
.
4 5 0
.
5 6 0
.
6 7 2
.
7 8 0
.
8 9 0
.
9 10 -4
.
10 11 4
.
11 12 -6
.
12 13 0
.
13 14 2
.
14 15 -2
.
15 0 6
.
.
1 2 0 0 3 0 0 0 0 3 0 0 0 0 0 0 0 0 0 0 0 0 0 0 0 0 0 0 0 0 0 4 0 0 0 2 0 2 2 0 0 0 0 0 0 2 2 2 0 5 0 0 0 0 5 0 2 2 2 0 0 0 0 0 0 0 2 2 2 0 0 0 0 0 0 4 0 0 2 0 0 0 0 0 0 0 0 0 0 0 0 0 0 0 3 0 0 0 0 3 4 1 2 9 9 8 7 3 4 7 9 9 -1 -1 -1 -1 5 2 -1 -1 0 0 0 0 0 0 0 0 0 0 0 0 0 0 0 0 0 0 0 0 0 0 0 0 0 0 0 0 0 0 0 0 0 2 9 0 0 0 -1 -1 -1 -1 -1 -1 0 1 9 8 0 0 0 -1 -1 -1 -1 -1 -1 0 1 7 3 0 0 0 -1 -1 -1 -1 -1 -1 0 3 3 2 0 0 0 3 7 0 0 0 8 7 0 0 0 8 2 0 0 0 0 0 0 0 0 0 
.
4 4 ; .
1 2 2 2 2 4 4 4 3 1 2 2 3 2 
.
0 1 -6
.
1 2 0
.
2 3 4
.
3 4 0
.
4 5 0
.
5 6 0
.
6 7 2
.
7 8 0
.
8 9 0
.
9 10 -4
.
10 11 4
.
11 12 -6
.
12 13 0
.
13 14 2
.
14 15 -2
.
15 0 6
.
.
1 2 0 0 3 0 0 0 0 3 0 0 0 0 0 0 0 0 0 0 0 0 0 0 0 0 0 0 0 0 0 4 0 0 0 2 0 2 2 0 0 0 0 0 0 2 2 2 0 5 0 0 0 0 5 0 2 2 2 0 0 0 0 0 0 0 2 2 2 0 0 0 0 0 0 4 0 0 2 0 0 0 0 0 0 0 0 0 0 0 0 0 0 0 3 0 0 0 0 3 4 1 2 9 9 8 7 3 4 7 9 9 -1 -1 -1 -1 5 2 -1 -1 0 0 0 0 0 0 0 0 0 0 0 0 0 0 0 0 0 0 0 0 0 0 0 0 0 0 0 0 0 0 0 0 0 2 9 0 0 0 -1 -1 -1 -1 -1 -1 0 1 9 8 0 0 0 -1 -1 -1 -1 -1 -1 0 1 7 3 0 0 0 -1 -1 -1 -1 -1 -1 0 3 3 2 0 0 0 3 7 0 0 0 8 7 0 0 0 8 2 0 0 0 0 0 0 0 0 0 
.
4 5 ; .
1 2 2 2 4 4 4 4 3 1 2 2 3 2 
.
0 1 -6
.
1 2 0
.
2 3 4
.
3 4 0
.
4 5 0
.
5 6 2
.
6 7 0
.
7 8 0
.
8 9 0
.
9 10 -4
.
10 11 4
.
11 12 -6
.
12 13 0
.
13 14 2
.
14 15 -2
.
15 0 6
.
.
1 2 0 0 3 0 0 0 0 3 0 0 0 0 0 0 0 0 0 0 0 0 0 0 0 0 0 0 0 0 0 4 0 0 0 2 0 2 2 0 0 0 0 0 0 2 2 2 0 5 0 0 0 0 5 0 2 2 2 0 0 0 0 0 0 0 2 2 2 0 0 0 0 0 0 4 0 0 2 0 0 0 0 0 0 0 0 0 0 0 0 0 0 0 3 0 0 0 0 3 4 1 2 9 9 8 7 3 4 7 9 9 -1 -1 -1 -1 5 2 -1 -1 0 0 0 0 0 0 0 0 0 0 0 0 0 0 0 0 0 0 0 0 0 0 0 0 0 0 0 0 0 0 0 0 0 2 9 0 0 0 -1 -1 -1 -1 -1 -1 0 1 9 8 0 0 0 -1 -1 -1 -1 -1 -1 0 1 7 3 0 0 0 -1 -1 -1 -1 -1 -1 0 3 3 2 0 0 0 3 7 0 0 0 8 7 0 0 0 8 2 0 0 0 0 0 0 0 0 0 
.
4 0 ; .
1 2 2 1 4 4 4 4 3 1 2 2 3 2 
.
0 1 -6
.
1 2 0
.
2 3 4
.
3 4 0
.
4 5 0
.
5 6 2
.
6 7 0
.
7 8 0
.
8 9 0
.
9 10 -4
.
10 11 4
.
11 12 -6
.
12 13 0
.
13 14 2
.
14 15 -2
.
15 0 6
.
.
1 2 0 0 3 0 0 0 0 3 0 0 0 0 0 0 0 0 0 0 0 0 0 0 0 0 0 0 0 0 0 4 0 0 0 2 0 2 2 0 0 0 0 0 0 2 2 2 0 5 0 0 0 0 5 0 2 2 2 0 0 0 0 0 0 0 2 2 2 0 0 0 0 0 0 0 4 0 2 0 0 0 0 0 0 0 0 0 0 0 0 0 0 0 3 0 0 0 0 3 4 1 2 9 9 8 7 4 4 7 9 9 -1 -1 -1 -1 5 2 -1 -1 0 0 0 0 0 0 0 0 0 0 0 0 0 0 0 0 0 0 0 0 0 0 0 0 0 0 0 0 0 0 0 0 0 2 9 0 0 0 -1 -1 -1 -1 -1 -1 0 1 9 8 0 0 0 -1 -1 -1 -1 -1 -1 0 1 7 4 0 0 0 -1 -1 -1 -1 -1 -1 0 3 3 2 0 0 0 3 7 0 0 0 8 7 0 0 0 8 2 0 0 0 0 0 0 0 0 0 
.
3 12 ; .
1 2 2 4 4 4 4 4 3 1 2 2 3 2 
.
0 1 -6
.
1 2 0
.
2 3 4
.
3 4 0
.
4 5 0
.
5 6 2
.
6 7 0
.
7 8 0
.
8 9 0
.
9 10 -4
.
10 11 4
.
11 12 -6
.
12 13 0
.
13 14 2
.
14 15 -2
.
15 0 6
.
.
1 2 0 0 3 0 0 0 0 3 0 0 0 0 0 0 0 0 0 0 0 0 0 0 0 0 0 0 0 0 0 4 0 0 0 2 0 2 2 0 0 0 0 0 0 2 2 2 0 5 0 0 0 0 5 0 2 2 2 0 0 0 0 0 0 0 2 2 2 0 0 0 0 0 0 0 4 0 2 0 0 0 0 0 0 0 0 0 0 0 0 0 0 0 3 0 0 0 0 3 4 1 2 9 9 8 7 4 4 7 9 9 -1 -1 -1 -1 5 2 -1 -1 0 0 0 0 0 0 0 0 0 0 0 0 0 0 0 0 0 0 0 0 0 0 0 0 0 0 0 0 0 0 0 0 0 2 9 0 0 0 -1 -1 -1 -1 -1 -1 0 1 9 8 0 0 0 -1 -1 -1 -1 -1 -1 0 1 7 4 0 0 0 -1 -1 -1 -1 -1 -1 0 3 3 2 0 0 0 3 7 0 0 0 8 7 0 0 0 8 2 0 0 0 0 0 0 0 0 0 
.
3 15 ; .
1 2 2 2 4 4 4 4 3 1 2 2 3 2 
.
0 1 -6
.
1 2 0
.
2 3 4
.
3 4 0
.
4 5 2
.
5 6 0
.
6 7 0
.
7 8 0
.
8 9 0
.
9 10 -4
.
10 11 4
.
11 12 -6
.
12 13 0
.
13 14 2
.
14 15 -2
.
15 0 6
.
.
1 2 0 0 3 0 0 0 0 3 0 0 0 0 0 0 0 0 0 0 0 0 0 0 0 0 0 0 0 0 0 4 0 0 0 2 0 2 2 0 0 0 0 0 0 2 2 2 0 5 0 0 0 0 5 0 2 2 2 0 0 0 0 0 0 0 2 2 2 0 0 0 0 0 0 0 4 0 2 0 0 0 0 0 0 0 0 0 0 0 0 0 0 0 3 0 0 0 0 3 4 1 2 9 9 8 7 4 4 7 9 9 -1 -1 -1 -1 5 2 -1 -1 0 0 0 0 0 0 0 0 0 0 0 0 0 0 0 0 0 0 0 0 0 0 0 0 0 0 0 0 0 0 0 0 0 2 9 0 0 0 -1 -1 -1 -1 -1 -1 0 1 9 8 0 0 0 -1 -1 -1 -1 -1 -1 0 1 7 4 0 0 0 -1 -1 -1 -1 -1 -1 0 3 3 2 0 0 0 3 7 0 0 0 8 7 0 0 0 8 2 0 0 0 0 0 0 0 0 0 
.
3 8 ; .
1 1 2 2 4 4 4 4 3 1 2 2 3 2 
.
0 1 -6
.
1 2 0
.
2 3 4
.
3 4 0
.
4 5 2
.
5 6 0
.
6 7 0
.
7 8 0
.
8 9 0
.
9 10 -4
.
10 11 4
.
11 12 -6
.
12 13 0
.
13 14 2
.
14 15 -2
.
15 0 6
.
.
1 2 0 0 3 0 0 0 0 3 0 0 0 0 0 0 0 0 0 0 0 0 0 0 0 0 0 0 0 0 4 0 0 0 0 2 0 2 2 0 0 0 0 0 0 2 2 2 0 5 0 0 0 0 5 0 2 2 2 0 0 0 0 0 0 0 2 2 2 0 0 0 0 0 0 0 4 0 2 0 0 0 0 0 0 0 0 0 0 0 0 0 0 0 3 0 0 0 0 3 4 1 2 8 9 8 7 4 4 7 9 9 -1 -1 -1 -1 5 2 -1 -1 0 0 0 0 0 0 0 0 0 0 0 0 0 0 0 0 0 0 0 0 0 0 0 0 0 0 0 0 0 0 0 0 0 2 8 0 0 0 -1 -1 -1 -1 -1 -1 0 2 9 8 0 0 0 -1 -1 -1 -1 -1 -1 0 1 7 4 0 0 0 -1 -1 -1 -1 -1 -1 0 3 3 2 0 0 0 3 7 0 0 0 8 7 0 0 0 8 2 0 0 0 0 0 0 0 0 0 
.
1 11 ; .
1 4 2 2 4 4 4 4 3 1 2 2 3 2 
.
0 1 -6
.
1 2 0
.
2 3 4
.
3 4 0
.
4 5 2
.
5 6 0
.
6 7 0
.
7 8 0
.
8 9 0
.
9 10 -4
.
10 11 4
.
11 12 -6
.
12 13 0
.
13 14 2
.
14 15 -2
.
15 0 6
.
.
1 2 0 0 3 0 0 0 0 3 0 0 0 0 0 0 0 0 0 0 0 0 0 0 0 0 0 0 0 0 4 0 0 0 0 2 0 2 2 0 0 0 0 0 0 2 2 2 0 5 0 0 0 0 5 0 2 2 2 0 0 0 0 0 0 0 2 2 2 0 0 0 0 0 0 0 4 0 2 0 0 0 0 0 0 0 0 0 0 0 0 0 0 0 3 0 0 0 0 3 4 1 2 8 9 8 7 4 4 7 9 9 -1 -1 -1 -1 5 2 -1 -1 0 0 0 0 0 0 0 0 0 0 0 0 0 0 0 0 0 0 0 0 0 0 0 0 0 0 0 0 0 0 0 0 0 2 8 0 0 0 -1 -1 -1 -1 -1 -1 0 2 9 8 0 0 0 -1 -1 -1 -1 -1 -1 0 1 7 4 0 0 0 -1 -1 -1 -1 -1 -1 0 3 3 2 0 0 0 3 7 0 0 0 8 7 0 0 0 8 2 0 0 0 0 0 0 0 0 0 
.
1 15 ; .
1 2 2 2 4 4 4 4 3 1 2 2 3 2 
.
0 1 -6
.
1 2 0
.
2 3 6
.
3 4 -2
.
4 5 2
.
5 6 0
.
6 7 0
.
7 8 0
.
8 9 0
.
9 10 -4
.
10 11 4
.
11 12 -6
.
12 13 0
.
13 14 2
.
14 15 -2
.
15 0 6
.
.
1 2 0 0 3 0 0 0 0 3 0 0 0 0 0 0 0 0 0 0 0 0 0 0 0 0 0 0 0 0 4 0 0 0 0 2 0 2 2 0 0 0 0 0 0 2 2 2 0 5 0 0 0 0 5 0 2 2 2 0 0 0 0 0 0 0 2 2 2 0 0 0 0 0 0 0 4 0 2 0 0 0 0 0 0 0 0 0 0 0 0 0 0 0 3 0 0 0 0 3 4 1 2 8 9 8 7 4 4 7 9 9 -1 -1 -1 -1 5 2 -1 -1 0 0 0 0 0 0 0 0 0 0 0 0 0 0 0 0 0 0 0 0 0 0 0 0 0 0 0 0 0 0 0 0 0 2 8 0 0 0 -1 -1 -1 -1 -1 -1 0 2 9 8 0 0 0 -1 -1 -1 -1 -1 -1 0 1 7 4 0 0 0 -1 -1 -1 -1 -1 -1 0 3 3 2 0 0 0 3 7 0 0 0 8 7 0 0 0 8 2 0 0 0 0 0 0 0 0 0 
.
1 8 ; .
.
